0.04230769230769231 0.04230769230769231 0.04230769230769231 0.04230769230769231 0.026923076923076925 0.03461538461538462 0.026923076923076925 0.019230769230769232 0.019230769230769232 0.03461538461538462 0.05 0.11923076923076924 0.07307692307692308 0.03461538461538462 0.03461538461538462 0.1423076923076923 0.019230769230769232 0.019230769230769232 0.1576923076923077 0.019230769230769232 
0.046218487394957986 0.029411764705882353 0.07142857142857142 0.037815126050420166 0.029411764705882353 0.06302521008403361 0.029411764705882353 0.02100840336134454 0.02100840336134454 0.07142857142857142 0.046218487394957986 0.037815126050420166 0.13865546218487396 0.07142857142857142 0.029411764705882353 0.0546218487394958 0.07142857142857142 0.02100840336134454 0.08823529411764706 0.02100840336134454 
0.0779816513761468 0.05045871559633028 0.10550458715596331 0.03211009174311927 0.022935779816513763 0.05963302752293578 0.05963302752293578 0.022935779816513763 0.022935779816513763 0.05963302752293578 0.0963302752293578 0.04128440366972477 0.05963302752293578 0.04128440366972477 0.04128440366972477 0.04128440366972477 0.022935779816513763 0.03211009174311927 0.0779816513761468 0.03211009174311927 
0.052884615384615384 0.08173076923076923 0.03365384615384615 0.03365384615384615 0.04326923076923077 0.0625 0.04326923076923077 0.02403846153846154 0.03365384615384615 0.03365384615384615 0.052884615384615384 0.052884615384615384 0.09134615384615384 0.04326923076923077 0.02403846153846154 0.02403846153846154 0.052884615384615384 0.03365384615384615 0.14903846153846154 0.03365384615384615 
0.08796296296296297 0.041666666666666664 0.0787037037037037 0.05092592592592592 0.023148148148148147 0.09722222222222222 0.0787037037037037 0.023148148148148147 0.023148148148148147 0.06018518518518518 0.06944444444444445 0.05092592592592592 0.032407407407407406 0.023148148148148147 0.06018518518518518 0.0787037037037037 0.023148148148148147 0.023148148148148147 0.041666666666666664 0.032407407407407406 
0.11855670103092783 0.06701030927835051 0.02577319587628866 0.03608247422680412 0.04639175257731959 0.10824742268041238 0.03608247422680412 0.02577319587628866 0.04639175257731959 0.03608247422680412 0.04639175257731959 0.02577319587628866 0.06701030927835051 0.03608247422680412 0.08762886597938144 0.04639175257731959 0.02577319587628866 0.03608247422680412 0.04639175257731959 0.03608247422680412 
0.07352941176470588 0.05392156862745098 0.04411764705882353 0.03431372549019608 0.024509803921568627 0.04411764705882353 0.08333333333333333 0.024509803921568627 0.03431372549019608 0.024509803921568627 0.05392156862745098 0.024509803921568627 0.05392156862745098 0.04411764705882353 0.04411764705882353 0.14215686274509803 0.05392156862745098 0.024509803921568627 0.07352941176470588 0.04411764705882353 
0.04736842105263158 0.02631578947368421 0.05789473684210526 0.03684210526315789 0.02631578947368421 0.04736842105263158 0.04736842105263158 0.02631578947368421 0.02631578947368421 0.03684210526315789 0.05789473684210526 0.19473684210526315 0.06842105263157895 0.02631578947368421 0.04736842105263158 0.04736842105263158 0.03684210526315789 0.03684210526315789 0.06842105263157895 0.03684210526315789 
0.052884615384615384 0.02403846153846154 0.03365384615384615 0.04326923076923077 0.03365384615384615 0.04326923076923077 0.03365384615384615 0.02403846153846154 0.052884615384615384 0.11057692307692307 0.052884615384615384 0.16826923076923078 0.04326923076923077 0.04326923076923077 0.03365384615384615 0.052884615384615384 0.052884615384615384 0.03365384615384615 0.04326923076923077 0.02403846153846154 
0.034722222222222224 0.034722222222222224 0.04861111111111111 0.0625 0.034722222222222224 0.04861111111111111 0.04861111111111111 0.034722222222222224 0.034722222222222224 0.034722222222222224 0.0625 0.1736111111111111 0.0625 0.04861111111111111 0.034722222222222224 0.0625 0.034722222222222224 0.034722222222222224 0.034722222222222224 0.034722222222222224 
0.023809523809523808 0.03741496598639456 0.023809523809523808 0.09863945578231292 0.030612244897959183 0.017006802721088437 0.023809523809523808 0.03741496598639456 0.16666666666666666 0.13945578231292516 0.017006802721088437 0.030612244897959183 0.05102040816326531 0.03741496598639456 0.04421768707482993 0.030612244897959183 0.030612244897959183 0.05782312925170068 0.05102040816326531 0.05102040816326531 
0.04330708661417323 0.027559055118110236 0.01968503937007874 0.06692913385826772 0.01968503937007874 0.027559055118110236 0.01968503937007874 0.051181102362204724 0.1062992125984252 0.05905511811023622 0.08267716535433071 0.05905511811023622 0.05905511811023622 0.027559055118110236 0.01968503937007874 0.051181102362204724 0.06692913385826772 0.1141732283464567 0.01968503937007874 0.05905511811023622 
0.023333333333333334 0.07 0.03 0.08333333333333333 0.016666666666666666 0.05 0.05 0.03666666666666667 0.09 0.05 0.043333333333333335 0.043333333333333335 0.056666666666666664 0.043333333333333335 0.043333333333333335 0.056666666666666664 0.06333333333333334 0.09666666666666666 0.023333333333333334 0.03 
0.02364864864864865 0.08445945945945946 0.037162162162162164 0.1858108108108108 0.016891891891891893 0.016891891891891893 0.02364864864864865 0.016891891891891893 0.10472972972972973 0.04391891891891892 0.11148648648648649 0.02364864864864865 0.05067567567567568 0.016891891891891893 0.037162162162162164 0.05067567567567568 0.016891891891891893 0.030405405405405407 0.06418918918918919 0.04391891891891892 
0.03070175438596491 0.021929824561403508 0.021929824561403508 0.05701754385964912 0.021929824561403508 0.021929824561403508 0.021929824561403508 0.021929824561403508 0.16228070175438597 0.05701754385964912 0.05701754385964912 0.039473684210526314 0.04824561403508772 0.03070175438596491 0.039473684210526314 0.08333333333333333 0.039473684210526314 0.14473684210526316 0.03070175438596491 0.04824561403508772 
0.01937984496124031 0.050387596899224806 0.03488372093023256 0.10465116279069768 0.01937984496124031 0.050387596899224806 0.01937984496124031 0.027131782945736434 0.09689922480620156 0.12790697674418605 0.04263565891472868 0.04263565891472868 0.05813953488372093 0.04263565891472868 0.027131782945736434 0.03488372093023256 0.050387596899224806 0.050387596899224806 0.04263565891472868 0.05813953488372093 
0.03684210526315789 0.04736842105263158 0.05789473684210526 0.04736842105263158 0.03684210526315789 0.04736842105263158 0.04736842105263158 0.06842105263157895 0.04736842105263158 0.05789473684210526 0.05789473684210526 0.02631578947368421 0.03684210526315789 0.02631578947368421 0.03684210526315789 0.1631578947368421 0.05789473684210526 0.03684210526315789 0.02631578947368421 0.03684210526315789 
0.029411764705882353 0.029411764705882353 0.07983193277310924 0.02100840336134454 0.029411764705882353 0.0546218487394958 0.07983193277310924 0.029411764705882353 0.037815126050420166 0.08823529411764706 0.06302521008403361 0.046218487394957986 0.0546218487394958 0.06302521008403361 0.029411764705882353 0.15546218487394958 0.037815126050420166 0.02100840336134454 0.029411764705882353 0.02100840336134454 
0.03982300884955752 0.022123893805309734 0.030973451327433628 0.022123893805309734 0.048672566371681415 0.048672566371681415 0.030973451327433628 0.048672566371681415 0.05752212389380531 0.048672566371681415 0.11946902654867257 0.05752212389380531 0.03982300884955752 0.022123893805309734 0.022123893805309734 0.15486725663716813 0.05752212389380531 0.022123893805309734 0.06637168141592921 0.03982300884955752 
0.03594771241830065 0.03594771241830065 0.08823529411764706 0.08169934640522876 0.042483660130718956 0.17973856209150327 0.016339869281045753 0.02287581699346405 0.03594771241830065 0.016339869281045753 0.029411764705882353 0.02287581699346405 0.042483660130718956 0.02287581699346405 0.09477124183006536 0.05555555555555555 0.10130718954248366 0.03594771241830065 0.016339869281045753 0.02287581699346405 
0.03741496598639456 0.07142857142857142 0.03741496598639456 0.05102040816326531 0.023809523809523808 0.21428571428571427 0.023809523809523808 0.017006802721088437 0.04421768707482993 0.023809523809523808 0.023809523809523808 0.017006802721088437 0.03741496598639456 0.017006802721088437 0.03741496598639456 0.13945578231292516 0.06462585034013606 0.04421768707482993 0.04421768707482993 0.030612244897959183 
0.030726256983240222 0.025139664804469275 0.09776536312849161 0.036312849162011177 0.013966480446927373 0.23184357541899442 0.06424581005586592 0.013966480446927373 0.019553072625698324 0.06424581005586592 0.013966480446927373 0.013966480446927373 0.04189944134078212 0.04748603351955307 0.019553072625698324 0.10893854748603352 0.04189944134078212 0.019553072625698324 0.05307262569832402 0.04189944134078212 
0.01488095238095238 0.05654761904761905 0.09821428571428571 0.03869047619047619 0.01488095238095238 0.21726190476190477 0.044642857142857144 0.03869047619047619 0.03869047619047619 0.01488095238095238 0.020833333333333332 0.03869047619047619 0.026785714285714284 0.01488095238095238 0.020833333333333332 0.12797619047619047 0.044642857142857144 0.03869047619047619 0.03869047619047619 0.050595238095238096 
0.028 0.044 0.02 0.02 0.044 0.26 0.044 0.02 0.06 0.028 0.028 0.028 0.084 0.028 0.028 0.076 0.052 0.036 0.028 0.044 
0.05078125 0.04296875 0.07421875 0.04296875 0.03515625 0.25390625 0.03515625 0.02734375 0.04296875 0.02734375 0.03515625 0.03515625 0.02734375 0.03515625 0.03515625 0.06640625 0.04296875 0.01953125 0.02734375 0.04296875 
0.021929824561403508 0.03070175438596491 0.03070175438596491 0.11842105263157894 0.03070175438596491 0.03070175438596491 0.021929824561403508 0.04824561403508772 0.03070175438596491 0.039473684210526314 0.021929824561403508 0.03070175438596491 0.039473684210526314 0.11842105263157894 0.04824561403508772 0.16228070175438597 0.021929824561403508 0.03070175438596491 0.10087719298245613 0.021929824561403508 
0.018796992481203006 0.018796992481203006 0.041353383458646614 0.02631578947368421 0.06390977443609022 0.09398496240601503 0.018796992481203006 0.041353383458646614 0.04887218045112782 0.018796992481203006 0.041353383458646614 0.041353383458646614 0.10150375939849623 0.13909774436090225 0.03383458646616541 0.13909774436090225 0.05639097744360902 0.018796992481203006 0.018796992481203006 0.018796992481203006 
0.02734375 0.05078125 0.02734375 0.02734375 0.02734375 0.01953125 0.02734375 0.04296875 0.03515625 0.05078125 0.02734375 0.03515625 0.11328125 0.17578125 0.02734375 0.12890625 0.05859375 0.02734375 0.01953125 0.05078125 
0.022727272727272728 0.10454545454545454 0.022727272727272728 0.022727272727272728 0.022727272727272728 0.05909090909090909 0.04090909090909091 0.05 0.022727272727272728 0.05909090909090909 0.031818181818181815 0.031818181818181815 0.07727272727272727 0.04090909090909091 0.022727272727272728 0.21363636363636362 0.05 0.04090909090909091 0.031818181818181815 0.031818181818181815 
0.02358490566037736 0.05188679245283019 0.04245283018867924 0.0330188679245283 0.02358490566037736 0.08962264150943396 0.02358490566037736 0.02358490566037736 0.02358490566037736 0.04245283018867924 0.04245283018867924 0.0330188679245283 0.0330188679245283 0.07075471698113207 0.0330188679245283 0.25943396226415094 0.0330188679245283 0.04245283018867924 0.0330188679245283 0.04245283018867924 
0.030612244897959183 0.1326530612244898 0.09183673469387756 0.023809523809523808 0.017006802721088437 0.04421768707482993 0.023809523809523808 0.05102040816326531 0.023809523809523808 0.030612244897959183 0.017006802721088437 0.05782312925170068 0.08503401360544217 0.03741496598639456 0.017006802721088437 0.20068027210884354 0.03741496598639456 0.023809523809523808 0.023809523809523808 0.030612244897959183 
0.025252525252525252 0.08585858585858586 0.025252525252525252 0.045454545454545456 0.025252525252525252 0.08585858585858586 0.045454545454545456 0.025252525252525252 0.03535353535353535 0.03535353535353535 0.03535353535353535 0.025252525252525252 0.05555555555555555 0.045454545454545456 0.06565656565656566 0.18686868686868688 0.05555555555555555 0.03535353535353535 0.025252525252525252 0.03535353535353535 
0.036458333333333336 0.057291666666666664 0.06770833333333333 0.036458333333333336 0.036458333333333336 0.06770833333333333 0.057291666666666664 0.06770833333333333 0.036458333333333336 0.046875 0.046875 0.046875 0.036458333333333336 0.057291666666666664 0.026041666666666668 0.11979166666666667 0.036458333333333336 0.036458333333333336 0.046875 0.036458333333333336 
0.020833333333333332 0.029166666666666667 0.029166666666666667 0.04583333333333333 0.0875 0.07083333333333333 0.0625 0.05416666666666667 0.020833333333333332 0.07083333333333333 0.0375 0.029166666666666667 0.0375 0.0375 0.020833333333333332 0.1875 0.04583333333333333 0.0375 0.0375 0.0375 
0.030821917808219176 0.04452054794520548 0.05821917808219178 0.05136986301369863 0.030821917808219176 0.03767123287671233 0.017123287671232876 0.030821917808219176 0.030821917808219176 0.04452054794520548 0.05821917808219178 0.03767123287671233 0.05821917808219178 0.023972602739726026 0.03767123287671233 0.21575342465753425 0.023972602739726026 0.03767123287671233 0.09246575342465753 0.03767123287671233 
0.03153153153153153 0.04954954954954955 0.04054054054054054 0.02252252252252252 0.02252252252252252 0.06756756756756757 0.02252252252252252 0.03153153153153153 0.03153153153153153 0.02252252252252252 0.06756756756756757 0.11261261261261261 0.04054054054054054 0.03153153153153153 0.02252252252252252 0.23873873873873874 0.03153153153153153 0.03153153153153153 0.05855855855855856 0.02252252252252252 
0.08582089552238806 0.026119402985074626 0.018656716417910446 0.026119402985074626 0.018656716417910446 0.055970149253731345 0.026119402985074626 0.033582089552238806 0.026119402985074626 0.048507462686567165 0.10074626865671642 0.09328358208955224 0.018656716417910446 0.041044776119402986 0.041044776119402986 0.20522388059701493 0.033582089552238806 0.033582089552238806 0.041044776119402986 0.026119402985074626 
0.02577319587628866 0.02577319587628866 0.03608247422680412 0.02577319587628866 0.05670103092783505 0.07731958762886598 0.03608247422680412 0.05670103092783505 0.02577319587628866 0.02577319587628866 0.0979381443298969 0.08762886597938144 0.03608247422680412 0.02577319587628866 0.03608247422680412 0.22164948453608246 0.02577319587628866 0.02577319587628866 0.02577319587628866 0.02577319587628866 
0.0330188679245283 0.05188679245283019 0.0330188679245283 0.04245283018867924 0.0330188679245283 0.06132075471698113 0.02358490566037736 0.0330188679245283 0.02358490566037736 0.0330188679245283 0.05188679245283019 0.07075471698113207 0.0330188679245283 0.06132075471698113 0.05188679245283019 0.24056603773584906 0.0330188679245283 0.02358490566037736 0.04245283018867924 0.02358490566037736 
0.03543307086614173 0.03543307086614173 0.01968503937007874 0.01968503937007874 0.04330708661417323 0.08267716535433071 0.01968503937007874 0.07480314960629922 0.03543307086614173 0.04330708661417323 0.05905511811023622 0.06692913385826772 0.027559055118110236 0.01968503937007874 0.027559055118110236 0.20078740157480315 0.051181102362204724 0.03543307086614173 0.08267716535433071 0.01968503937007874 
0.023148148148148147 0.05092592592592592 0.06018518518518518 0.032407407407407406 0.023148148148148147 0.032407407407407406 0.023148148148148147 0.032407407407407406 0.041666666666666664 0.041666666666666664 0.11574074074074074 0.1527777777777778 0.05092592592592592 0.023148148148148147 0.0787037037037037 0.023148148148148147 0.032407407407407406 0.05092592592592592 0.08796296296296297 0.023148148148148147 
0.045774647887323945 0.017605633802816902 0.03169014084507042 0.02464788732394366 0.017605633802816902 0.08098591549295775 0.0528169014084507 0.03169014084507042 0.03169014084507042 0.03873239436619718 0.12323943661971831 0.18661971830985916 0.03169014084507042 0.017605633802816902 0.045774647887323945 0.045774647887323945 0.045774647887323945 0.03873239436619718 0.0528169014084507 0.03873239436619718 
0.02717391304347826 0.02717391304347826 0.059782608695652176 0.02717391304347826 0.03804347826086957 0.03804347826086957 0.03804347826086957 0.03804347826086957 0.02717391304347826 0.07065217391304347 0.125 0.20108695652173914 0.04891304347826087 0.02717391304347826 0.04891304347826087 0.02717391304347826 0.04891304347826087 0.02717391304347826 0.02717391304347826 0.02717391304347826 
0.02336448598130841 0.03271028037383177 0.04205607476635514 0.08878504672897196 0.02336448598130841 0.0514018691588785 0.03271028037383177 0.03271028037383177 0.1542056074766355 0.07009345794392523 0.13551401869158877 0.02336448598130841 0.06074766355140187 0.03271028037383177 0.02336448598130841 0.03271028037383177 0.03271028037383177 0.04205607476635514 0.04205607476635514 0.02336448598130841 
0.038461538461538464 0.04945054945054945 0.038461538461538464 0.027472527472527472 0.04945054945054945 0.06043956043956044 0.027472527472527472 0.07142857142857142 0.07142857142857142 0.08241758241758242 0.15934065934065933 0.038461538461538464 0.06043956043956044 0.038461538461538464 0.027472527472527472 0.027472527472527472 0.027472527472527472 0.04945054945054945 0.027472527472527472 0.027472527472527472 
0.028455284552845527 0.028455284552845527 0.036585365853658534 0.02032520325203252 0.02032520325203252 0.036585365853658534 0.036585365853658534 0.02032520325203252 0.18292682926829268 0.06097560975609756 0.15853658536585366 0.036585365853658534 0.036585365853658534 0.052845528455284556 0.028455284552845527 0.07723577235772358 0.028455284552845527 0.02032520325203252 0.06910569105691057 0.02032520325203252 
0.05172413793103448 0.05172413793103448 0.040229885057471264 0.05172413793103448 0.040229885057471264 0.07471264367816093 0.028735632183908046 0.040229885057471264 0.040229885057471264 0.040229885057471264 0.09770114942528736 0.040229885057471264 0.040229885057471264 0.040229885057471264 0.028735632183908046 0.040229885057471264 0.05172413793103448 0.05172413793103448 0.1206896551724138 0.028735632183908046 
0.040697674418604654 0.05232558139534884 0.029069767441860465 0.040697674418604654 0.029069767441860465 0.11046511627906977 0.029069767441860465 0.029069767441860465 0.029069767441860465 0.05232558139534884 0.09883720930232558 0.05232558139534884 0.029069767441860465 0.040697674418604654 0.040697674418604654 0.05232558139534884 0.040697674418604654 0.029069767441860465 0.14534883720930233 0.029069767441860465 
0.03731343283582089 0.03731343283582089 0.03731343283582089 0.05223880597014925 0.05223880597014925 0.05223880597014925 0.03731343283582089 0.05223880597014925 0.03731343283582089 0.05223880597014925 0.06716417910447761 0.03731343283582089 0.03731343283582089 0.03731343283582089 0.03731343283582089 0.03731343283582089 0.03731343283582089 0.05223880597014925 0.17164179104477612 0.03731343283582089 
0.05232558139534884 0.040697674418604654 0.05232558139534884 0.040697674418604654 0.040697674418604654 0.029069767441860465 0.029069767441860465 0.05232558139534884 0.029069767441860465 0.040697674418604654 0.06395348837209303 0.0755813953488372 0.029069767441860465 0.029069767441860465 0.029069767441860465 0.029069767441860465 0.05232558139534884 0.05232558139534884 0.20348837209302326 0.029069767441860465 
0.03535353535353535 0.045454545454545456 0.025252525252525252 0.025252525252525252 0.045454545454545456 0.025252525252525252 0.03535353535353535 0.025252525252525252 0.03535353535353535 0.025252525252525252 0.045454545454545456 0.07575757575757576 0.025252525252525252 0.045454545454545456 0.03535353535353535 0.03535353535353535 0.03535353535353535 0.025252525252525252 0.29797979797979796 0.05555555555555555 
0.08203125 0.01953125 0.01953125 0.03515625 0.01953125 0.04296875 0.02734375 0.02734375 0.04296875 0.01953125 0.06640625 0.03515625 0.02734375 0.01953125 0.01953125 0.03515625 0.02734375 0.03515625 0.37890625 0.01953125 
0.02 0.044 0.044 0.044 0.044 0.076 0.028 0.02 0.036 0.076 0.036 0.108 0.02 0.052 0.036 0.028 0.044 0.02 0.204 0.02 
0.025252525252525252 0.05555555555555555 0.08585858585858586 0.08585858585858586 0.025252525252525252 0.06565656565656566 0.025252525252525252 0.045454545454545456 0.025252525252525252 0.03535353535353535 0.05555555555555555 0.03535353535353535 0.03535353535353535 0.06565656565656566 0.03535353535353535 0.03535353535353535 0.03535353535353535 0.045454545454545456 0.15656565656565657 0.025252525252525252 
0.03431372549019608 0.04411764705882353 0.06372549019607843 0.05392156862745098 0.024509803921568627 0.09313725490196079 0.024509803921568627 0.04411764705882353 0.024509803921568627 0.05392156862745098 0.06372549019607843 0.05392156862745098 0.04411764705882353 0.024509803921568627 0.04411764705882353 0.03431372549019608 0.024509803921568627 0.05392156862745098 0.1715686274509804 0.024509803921568627 
0.025252525252525252 0.045454545454545456 0.025252525252525252 0.05555555555555555 0.025252525252525252 0.09595959595959595 0.025252525252525252 0.025252525252525252 0.025252525252525252 0.06565656565656566 0.045454545454545456 0.20707070707070707 0.025252525252525252 0.045454545454545456 0.03535353535353535 0.03535353535353535 0.08585858585858586 0.03535353535353535 0.045454545454545456 0.025252525252525252 
0.01773049645390071 0.01773049645390071 0.024822695035460994 0.01773049645390071 0.01773049645390071 0.04609929078014184 0.04609929078014184 0.031914893617021274 0.024822695035460994 0.09574468085106383 0.09574468085106383 0.26595744680851063 0.01773049645390071 0.03900709219858156 0.024822695035460994 0.04609929078014184 0.01773049645390071 0.031914893617021274 0.10283687943262411 0.01773049645390071 
0.017241379310344827 0.03103448275862069 0.04482758620689655 0.03793103448275862 0.02413793103448276 0.04482758620689655 0.02413793103448276 0.017241379310344827 0.03103448275862069 0.05862068965517241 0.05172413793103448 0.23103448275862068 0.02413793103448276 0.02413793103448276 0.06551724137931035 0.04482758620689655 0.07241379310344828 0.017241379310344827 0.10689655172413794 0.03103448275862069 
0.04666666666666667 0.03333333333333333 0.03333333333333333 0.03333333333333333 0.04666666666666667 0.04666666666666667 0.03333333333333333 0.04666666666666667 0.03333333333333333 0.03333333333333333 0.03333333333333333 0.11333333333333333 0.03333333333333333 0.03333333333333333 0.06 0.03333333333333333 0.1 0.04666666666666667 0.11333333333333333 0.04666666666666667 
0.025547445255474453 0.06934306569343066 0.06204379562043796 0.025547445255474453 0.025547445255474453 0.01824817518248175 0.04744525547445255 0.025547445255474453 0.032846715328467155 0.01824817518248175 0.025547445255474453 0.14963503649635038 0.032846715328467155 0.09124087591240876 0.07664233576642336 0.09124087591240876 0.04744525547445255 0.032846715328467155 0.08394160583941605 0.01824817518248175 
0.03932584269662921 0.03932584269662921 0.06179775280898876 0.03932584269662921 0.028089887640449437 0.05056179775280899 0.03932584269662921 0.028089887640449437 0.028089887640449437 0.028089887640449437 0.06179775280898876 0.06179775280898876 0.028089887640449437 0.05056179775280899 0.07303370786516854 0.09550561797752809 0.05056179775280899 0.028089887640449437 0.1404494382022472 0.028089887640449437 
0.026595744680851064 0.03723404255319149 0.06914893617021277 0.026595744680851064 0.026595744680851064 0.11170212765957446 0.047872340425531915 0.026595744680851064 0.05851063829787234 0.06914893617021277 0.026595744680851064 0.03723404255319149 0.06914893617021277 0.03723404255319149 0.026595744680851064 0.03723404255319149 0.06914893617021277 0.03723404255319149 0.10106382978723404 0.05851063829787234 
0.026515151515151516 0.07196969696969698 0.11742424242424243 0.01893939393939394 0.01893939393939394 0.11742424242424243 0.03409090909090909 0.01893939393939394 0.04924242424242424 0.041666666666666664 0.07196969696969698 0.07196969696969698 0.10984848484848485 0.01893939393939394 0.01893939393939394 0.01893939393939394 0.06439393939393939 0.03409090909090909 0.01893939393939394 0.056818181818181816 
0.026119402985074626 0.041044776119402986 0.09328358208955224 0.048507462686567165 0.026119402985074626 0.0708955223880597 0.048507462686567165 0.026119402985074626 0.033582089552238806 0.055970149253731345 0.041044776119402986 0.0708955223880597 0.0708955223880597 0.026119402985074626 0.07835820895522388 0.033582089552238806 0.08582089552238806 0.026119402985074626 0.06343283582089553 0.033582089552238806 
0.04487179487179487 0.22435897435897437 0.04487179487179487 0.04487179487179487 0.04487179487179487 0.057692307692307696 0.03205128205128205 0.03205128205128205 0.057692307692307696 0.03205128205128205 0.03205128205128205 0.03205128205128205 0.04487179487179487 0.03205128205128205 0.04487179487179487 0.057692307692307696 0.04487179487179487 0.03205128205128205 0.03205128205128205 0.03205128205128205 
0.038461538461538464 0.21794871794871795 0.04700854700854701 0.029914529914529916 0.05555555555555555 0.0641025641025641 0.029914529914529916 0.029914529914529916 0.038461538461538464 0.029914529914529916 0.021367521367521368 0.10683760683760683 0.029914529914529916 0.029914529914529916 0.029914529914529916 0.038461538461538464 0.0811965811965812 0.021367521367521368 0.038461538461538464 0.021367521367521368 
0.028688524590163935 0.26639344262295084 0.045081967213114756 0.045081967213114756 0.028688524590163935 0.028688524590163935 0.020491803278688523 0.06147540983606557 0.028688524590163935 0.045081967213114756 0.05327868852459016 0.045081967213114756 0.05327868852459016 0.020491803278688523 0.020491803278688523 0.045081967213114756 0.05327868852459016 0.045081967213114756 0.045081967213114756 0.020491803278688523 
0.048672566371681415 0.29646017699115046 0.022123893805309734 0.03982300884955752 0.030973451327433628 0.048672566371681415 0.022123893805309734 0.048672566371681415 0.022123893805309734 0.022123893805309734 0.03982300884955752 0.05752212389380531 0.05752212389380531 0.048672566371681415 0.022123893805309734 0.048672566371681415 0.03982300884955752 0.03982300884955752 0.022123893805309734 0.022123893805309734 
0.04198473282442748 0.2633587786259542 0.03435114503816794 0.026717557251908396 0.04961832061068702 0.026717557251908396 0.04198473282442748 0.019083969465648856 0.03435114503816794 0.04961832061068702 0.019083969465648856 0.04961832061068702 0.03435114503816794 0.019083969465648856 0.019083969465648856 0.09541984732824428 0.08015267175572519 0.026717557251908396 0.026717557251908396 0.04198473282442748 
0.032467532467532464 0.2662337662337662 0.032467532467532464 0.032467532467532464 0.045454545454545456 0.032467532467532464 0.045454545454545456 0.032467532467532464 0.045454545454545456 0.032467532467532464 0.032467532467532464 0.032467532467532464 0.032467532467532464 0.032467532467532464 0.045454545454545456 0.05844155844155844 0.045454545454545456 0.045454545454545456 0.032467532467532464 0.045454545454545456 
0.03515625 0.19140625 0.05078125 0.03515625 0.03515625 0.05859375 0.02734375 0.01953125 0.01953125 0.04296875 0.08203125 0.04296875 0.03515625 0.07421875 0.03515625 0.05859375 0.03515625 0.05078125 0.04296875 0.02734375 
0.019230769230769232 0.019230769230769232 0.05 0.05 0.019230769230769232 0.10384615384615385 0.20384615384615384 0.04230769230769231 0.03461538461538462 0.019230769230769232 0.04230769230769231 0.09615384615384616 0.057692307692307696 0.019230769230769232 0.026923076923076925 0.057692307692307696 0.05 0.026923076923076925 0.03461538461538462 0.026923076923076925 
0.03608247422680412 0.06701030927835051 0.07731958762886598 0.04639175257731959 0.02577319587628866 0.06701030927835051 0.18041237113402062 0.05670103092783505 0.03608247422680412 0.02577319587628866 0.03608247422680412 0.07731958762886598 0.02577319587628866 0.02577319587628866 0.02577319587628866 0.04639175257731959 0.02577319587628866 0.05670103092783505 0.03608247422680412 0.02577319587628866 
0.05821917808219178 0.017123287671232876 0.07191780821917808 0.030821917808219176 0.03767123287671233 0.07876712328767123 0.1541095890410959 0.04452054794520548 0.023972602739726026 0.04452054794520548 0.05821917808219178 0.09246575342465753 0.05821917808219178 0.017123287671232876 0.05136986301369863 0.05821917808219178 0.030821917808219176 0.023972602739726026 0.030821917808219176 0.017123287671232876 
0.043689320388349516 0.05339805825242718 0.024271844660194174 0.024271844660194174 0.05339805825242718 0.07281553398058252 0.05339805825242718 0.043689320388349516 0.03398058252427184 0.07281553398058252 0.10194174757281553 0.15048543689320387 0.024271844660194174 0.024271844660194174 0.03398058252427184 0.03398058252427184 0.05339805825242718 0.024271844660194174 0.05339805825242718 0.024271844660194174 
0.05113636363636364 0.028409090909090908 0.028409090909090908 0.03977272727272727 0.028409090909090908 0.09659090909090909 0.03977272727272727 0.028409090909090908 0.03977272727272727 0.028409090909090908 0.14204545454545456 0.16477272727272727 0.03977272727272727 0.028409090909090908 0.028409090909090908 0.03977272727272727 0.028409090909090908 0.028409090909090908 0.0625 0.028409090909090908 
0.04198473282442748 0.05725190839694656 0.019083969465648856 0.019083969465648856 0.026717557251908396 0.16412213740458015 0.019083969465648856 0.026717557251908396 0.026717557251908396 0.04198473282442748 0.12595419847328243 0.16412213740458015 0.03435114503816794 0.04198473282442748 0.03435114503816794 0.026717557251908396 0.04198473282442748 0.019083969465648856 0.04198473282442748 0.026717557251908396 
0.032846715328467155 0.05474452554744526 0.040145985401459854 0.025547445255474453 0.025547445255474453 0.07664233576642336 0.01824817518248175 0.01824817518248175 0.01824817518248175 0.06934306569343066 0.08394160583941605 0.22262773722627738 0.025547445255474453 0.01824817518248175 0.07664233576642336 0.032846715328467155 0.040145985401459854 0.032846715328467155 0.06934306569343066 0.01824817518248175 
0.07009345794392523 0.04205607476635514 0.03271028037383177 0.03271028037383177 0.04205607476635514 0.04205607476635514 0.02336448598130841 0.04205607476635514 0.02336448598130841 0.03271028037383177 0.1542056074766355 0.0794392523364486 0.04205607476635514 0.0794392523364486 0.04205607476635514 0.02336448598130841 0.11682242990654206 0.02336448598130841 0.03271028037383177 0.02336448598130841 
0.04954954954954955 0.02252252252252252 0.04954954954954955 0.05855855855855856 0.04054054054054054 0.02252252252252252 0.03153153153153153 0.05855855855855856 0.03153153153153153 0.06756756756756757 0.12162162162162163 0.13963963963963963 0.04954954954954955 0.07657657657657657 0.02252252252252252 0.04054054054054054 0.03153153153153153 0.03153153153153153 0.03153153153153153 0.02252252252252252 
0.02 0.036 0.044 0.108 0.028 0.044 0.028 0.052 0.028 0.06 0.14 0.108 0.036 0.068 0.028 0.052 0.036 0.02 0.044 0.02 
0.027472527472527472 0.027472527472527472 0.06043956043956044 0.04945054945054945 0.038461538461538464 0.08241758241758242 0.04945054945054945 0.038461538461538464 0.038461538461538464 0.04945054945054945 0.06043956043956044 0.08241758241758242 0.04945054945054945 0.04945054945054945 0.038461538461538464 0.027472527472527472 0.027472527472527472 0.06043956043956044 0.11538461538461539 0.027472527472527472 
0.017857142857142856 0.05357142857142857 0.08214285714285714 0.060714285714285714 0.039285714285714285 0.09642857142857143 0.025 0.017857142857142856 0.03214285714285714 0.05357142857142857 0.039285714285714285 0.11785714285714285 0.039285714285714285 0.017857142857142856 0.017857142857142856 0.039285714285714285 0.025 0.03214285714285714 0.16785714285714284 0.025 
0.037815126050420166 0.029411764705882353 0.1134453781512605 0.0546218487394958 0.02100840336134454 0.13865546218487396 0.037815126050420166 0.02100840336134454 0.029411764705882353 0.0546218487394958 0.0546218487394958 0.02100840336134454 0.029411764705882353 0.02100840336134454 0.037815126050420166 0.07983193277310924 0.037815126050420166 0.037815126050420166 0.10504201680672269 0.037815126050420166 
0.030201342281879196 0.07046979865771812 0.07718120805369127 0.0436241610738255 0.030201342281879196 0.07046979865771812 0.030201342281879196 0.02348993288590604 0.02348993288590604 0.030201342281879196 0.02348993288590604 0.08389261744966443 0.06375838926174497 0.02348993288590604 0.030201342281879196 0.06375838926174497 0.07718120805369127 0.016778523489932886 0.1644295302013423 0.02348993288590604 
0.025510204081632654 0.04591836734693878 0.04591836734693878 0.025510204081632654 0.025510204081632654 0.11734693877551021 0.03571428571428571 0.04591836734693878 0.03571428571428571 0.03571428571428571 0.03571428571428571 0.05612244897959184 0.03571428571428571 0.03571428571428571 0.025510204081632654 0.04591836734693878 0.03571428571428571 0.03571428571428571 0.18877551020408162 0.0663265306122449 
0.06132075471698113 0.0330188679245283 0.0330188679245283 0.06132075471698113 0.04245283018867924 0.04245283018867924 0.0330188679245283 0.02358490566037736 0.05188679245283019 0.07075471698113207 0.1179245283018868 0.08018867924528301 0.02358490566037736 0.0330188679245283 0.0330188679245283 0.0330188679245283 0.08962264150943396 0.02358490566037736 0.08018867924528301 0.0330188679245283 
0.05339805825242718 0.024271844660194174 0.024271844660194174 0.024271844660194174 0.06310679611650485 0.043689320388349516 0.024271844660194174 0.024271844660194174 0.05339805825242718 0.06310679611650485 0.1407766990291262 0.1407766990291262 0.024271844660194174 0.024271844660194174 0.03398058252427184 0.024271844660194174 0.0825242718446602 0.03398058252427184 0.06310679611650485 0.03398058252427184 
0.02066115702479339 0.06198347107438017 0.02066115702479339 0.06198347107438017 0.0371900826446281 0.07851239669421488 0.045454545454545456 0.0371900826446281 0.0371900826446281 0.07851239669421488 0.1115702479338843 0.05371900826446281 0.028925619834710745 0.05371900826446281 0.028925619834710745 0.028925619834710745 0.0371900826446281 0.0371900826446281 0.08677685950413223 0.05371900826446281 
0.028409090909090908 0.03977272727272727 0.03977272727272727 0.03977272727272727 0.028409090909090908 0.05113636363636364 0.03977272727272727 0.0625 0.0625 0.05113636363636364 0.1875 0.028409090909090908 0.03977272727272727 0.03977272727272727 0.05113636363636364 0.03977272727272727 0.05113636363636364 0.0625 0.028409090909090908 0.028409090909090908 
0.041666666666666664 0.026515151515151516 0.03409090909090909 0.026515151515151516 0.03409090909090909 0.041666666666666664 0.03409090909090909 0.01893939393939394 0.026515151515151516 0.14015151515151514 0.22348484848484848 0.03409090909090909 0.03409090909090909 0.03409090909090909 0.026515151515151516 0.026515151515151516 0.06439393939393939 0.041666666666666664 0.04924242424242424 0.041666666666666664 
0.049019607843137254 0.029411764705882353 0.049019607843137254 0.029411764705882353 0.049019607843137254 0.05555555555555555 0.016339869281045753 0.016339869281045753 0.02287581699346405 0.08823529411764706 0.238562091503268 0.029411764705882353 0.03594771241830065 0.06209150326797386 0.02287581699346405 0.042483660130718956 0.02287581699346405 0.016339869281045753 0.08169934640522876 0.042483660130718956 
0.022935779816513763 0.04128440366972477 0.03211009174311927 0.03211009174311927 0.0871559633027523 0.03211009174311927 0.04128440366972477 0.05045871559633028 0.022935779816513763 0.022935779816513763 0.022935779816513763 0.0779816513761468 0.04128440366972477 0.03211009174311927 0.04128440366972477 0.0779816513761468 0.0779816513761468 0.04128440366972477 0.16055045871559634 0.04128440366972477 
0.05670103092783505 0.03608247422680412 0.07731958762886598 0.05670103092783505 0.03608247422680412 0.04639175257731959 0.02577319587628866 0.04639175257731959 0.02577319587628866 0.03608247422680412 0.03608247422680412 0.03608247422680412 0.03608247422680412 0.02577319587628866 0.06701030927835051 0.04639175257731959 0.08762886597938144 0.03608247422680412 0.13917525773195877 0.04639175257731959 
0.04455445544554455 0.034653465346534656 0.024752475247524754 0.04455445544554455 0.06435643564356436 0.06435643564356436 0.024752475247524754 0.024752475247524754 0.04455445544554455 0.034653465346534656 0.04455445544554455 0.09405940594059406 0.06435643564356436 0.024752475247524754 0.04455445544554455 0.04455445544554455 0.054455445544554455 0.054455445544554455 0.14356435643564355 0.024752475247524754 
0.035211267605633804 0.035211267605633804 0.035211267605633804 0.035211267605633804 0.035211267605633804 0.035211267605633804 0.04929577464788732 0.035211267605633804 0.035211267605633804 0.04929577464788732 0.11971830985915492 0.04929577464788732 0.035211267605633804 0.035211267605633804 0.035211267605633804 0.035211267605633804 0.06338028169014084 0.04929577464788732 0.1619718309859155 0.035211267605633804 
0.05 0.03571428571428571 0.03571428571428571 0.03571428571428571 0.03571428571428571 0.03571428571428571 0.06428571428571428 0.03571428571428571 0.05 0.03571428571428571 0.1357142857142857 0.03571428571428571 0.03571428571428571 0.03571428571428571 0.03571428571428571 0.03571428571428571 0.06428571428571428 0.03571428571428571 0.1357142857142857 0.03571428571428571 
0.03571428571428571 0.025510204081632654 0.05612244897959184 0.09693877551020408 0.03571428571428571 0.04591836734693878 0.04591836734693878 0.04591836734693878 0.03571428571428571 0.04591836734693878 0.08673469387755102 0.04591836734693878 0.025510204081632654 0.05612244897959184 0.03571428571428571 0.05612244897959184 0.03571428571428571 0.025510204081632654 0.10714285714285714 0.05612244897959184 
0.030973451327433628 0.05752212389380531 0.048672566371681415 0.048672566371681415 0.022123893805309734 0.06637168141592921 0.030973451327433628 0.022123893805309734 0.030973451327433628 0.030973451327433628 0.15486725663716813 0.05752212389380531 0.030973451327433628 0.030973451327433628 0.030973451327433628 0.030973451327433628 0.03982300884955752 0.06637168141592921 0.11946902654867257 0.048672566371681415 
0.026717557251908396 0.03435114503816794 0.05725190839694656 0.019083969465648856 0.019083969465648856 0.0648854961832061 0.026717557251908396 0.03435114503816794 0.04198473282442748 0.04198473282442748 0.10305343511450382 0.13358778625954199 0.04961832061068702 0.04198473282442748 0.026717557251908396 0.04198473282442748 0.019083969465648856 0.019083969465648856 0.1717557251908397 0.026717557251908396 
0.027131782945736434 0.050387596899224806 0.06589147286821706 0.05813953488372093 0.01937984496124031 0.050387596899224806 0.01937984496124031 0.04263565891472868 0.03488372093023256 0.03488372093023256 0.04263565891472868 0.1434108527131783 0.05813953488372093 0.01937984496124031 0.03488372093023256 0.03488372093023256 0.06589147286821706 0.01937984496124031 0.12790697674418605 0.050387596899224806 
0.024752475247524754 0.024752475247524754 0.034653465346534656 0.06435643564356436 0.034653465346534656 0.054455445544554455 0.024752475247524754 0.024752475247524754 0.024752475247524754 0.024752475247524754 0.06435643564356436 0.14356435643564355 0.04455445544554455 0.04455445544554455 0.024752475247524754 0.08415841584158416 0.054455445544554455 0.024752475247524754 0.12376237623762376 0.054455445544554455 
0.045081967213114756 0.028688524590163935 0.020491803278688523 0.06967213114754098 0.036885245901639344 0.045081967213114756 0.045081967213114756 0.0778688524590164 0.06967213114754098 0.0778688524590164 0.06147540983606557 0.036885245901639344 0.028688524590163935 0.020491803278688523 0.028688524590163935 0.0860655737704918 0.036885245901639344 0.020491803278688523 0.11065573770491803 0.05327868852459016 
