0.057692307692307696 0.026923076923076925 0.04230769230769231 0.03461538461538462 0.019230769230769232 0.026923076923076925 0.06538461538461539 0.019230769230769232 0.05 0.026923076923076925 0.21153846153846154 0.04230769230769231 0.08846153846153847 0.019230769230769232 0.03461538461538462 0.03461538461538462 0.03461538461538462 0.08076923076923077 0.057692307692307696 0.026923076923076925 
0.046218487394957986 0.046218487394957986 0.07142857142857142 0.0546218487394958 0.02100840336134454 0.02100840336134454 0.07142857142857142 0.0546218487394958 0.02100840336134454 0.08823529411764706 0.046218487394957986 0.029411764705882353 0.13865546218487396 0.029411764705882353 0.02100840336134454 0.07142857142857142 0.07142857142857142 0.037815126050420166 0.02100840336134454 0.037815126050420166 
0.03211009174311927 0.0779816513761468 0.0779816513761468 0.05963302752293578 0.04128440366972477 0.04128440366972477 0.03211009174311927 0.022935779816513763 0.022935779816513763 0.03211009174311927 0.11467889908256881 0.0779816513761468 0.05963302752293578 0.03211009174311927 0.022935779816513763 0.03211009174311927 0.0871559633027523 0.0779816513761468 0.03211009174311927 0.022935779816513763 
0.08173076923076923 0.052884615384615384 0.04326923076923077 0.02403846153846154 0.03365384615384615 0.02403846153846154 0.052884615384615384 0.03365384615384615 0.03365384615384615 0.04326923076923077 0.08173076923076923 0.09134615384615384 0.16826923076923078 0.02403846153846154 0.02403846153846154 0.0625 0.04326923076923077 0.02403846153846154 0.03365384615384615 0.02403846153846154 
0.05092592592592592 0.06944444444444445 0.032407407407407406 0.06944444444444445 0.023148148148148147 0.023148148148148147 0.10648148148148148 0.032407407407407406 0.05092592592592592 0.06018518518518518 0.09722222222222222 0.06944444444444445 0.032407407407407406 0.023148148148148147 0.023148148148148147 0.09722222222222222 0.032407407407407406 0.023148148148148147 0.05092592592592592 0.032407407407407406 
0.06701030927835051 0.02577319587628866 0.04639175257731959 0.03608247422680412 0.02577319587628866 0.02577319587628866 0.0979381443298969 0.03608247422680412 0.03608247422680412 0.11855670103092783 0.02577319587628866 0.03608247422680412 0.04639175257731959 0.04639175257731959 0.02577319587628866 0.13917525773195877 0.05670103092783505 0.03608247422680412 0.03608247422680412 0.03608247422680412 
0.024509803921568627 0.06372549019607843 0.024509803921568627 0.04411764705882353 0.024509803921568627 0.03431372549019608 0.024509803921568627 0.024509803921568627 0.03431372549019608 0.09313725490196079 0.024509803921568627 0.06372549019607843 0.06372549019607843 0.03431372549019608 0.024509803921568627 0.18137254901960784 0.04411764705882353 0.05392156862745098 0.08333333333333333 0.03431372549019608 
0.02631578947368421 0.02631578947368421 0.02631578947368421 0.06842105263157895 0.04736842105263158 0.05789473684210526 0.02631578947368421 0.04736842105263158 0.02631578947368421 0.03684210526315789 0.19473684210526315 0.04736842105263158 0.08947368421052632 0.05789473684210526 0.02631578947368421 0.03684210526315789 0.05789473684210526 0.02631578947368421 0.03684210526315789 0.03684210526315789 
0.04326923076923077 0.02403846153846154 0.04326923076923077 0.07211538461538461 0.052884615384615384 0.04326923076923077 0.02403846153846154 0.03365384615384615 0.02403846153846154 0.052884615384615384 0.14903846153846154 0.052884615384615384 0.08173076923076923 0.07211538461538461 0.02403846153846154 0.04326923076923077 0.03365384615384615 0.03365384615384615 0.0625 0.03365384615384615 
0.04861111111111111 0.04861111111111111 0.04861111111111111 0.0625 0.0625 0.034722222222222224 0.04861111111111111 0.04861111111111111 0.034722222222222224 0.034722222222222224 0.10416666666666667 0.0763888888888889 0.0625 0.034722222222222224 0.034722222222222224 0.0625 0.034722222222222224 0.04861111111111111 0.034722222222222224 0.034722222222222224 
0.04421768707482993 0.03741496598639456 0.017006802721088437 0.07142857142857142 0.017006802721088437 0.04421768707482993 0.030612244897959183 0.08503401360544217 0.13945578231292516 0.12585034013605442 0.03741496598639456 0.023809523809523808 0.05782312925170068 0.030612244897959183 0.023809523809523808 0.04421768707482993 0.05102040816326531 0.023809523809523808 0.05102040816326531 0.04421768707482993 
0.06692913385826772 0.01968503937007874 0.05905511811023622 0.04330708661417323 0.027559055118110236 0.06692913385826772 0.027559055118110236 0.03543307086614173 0.1062992125984252 0.08267716535433071 0.04330708661417323 0.04330708661417323 0.03543307086614173 0.027559055118110236 0.01968503937007874 0.08267716535433071 0.05905511811023622 0.027559055118110236 0.04330708661417323 0.08267716535433071 
0.056666666666666664 0.056666666666666664 0.03 0.03 0.043333333333333335 0.03 0.016666666666666666 0.023333333333333334 0.07 0.12333333333333334 0.043333333333333335 0.07 0.06333333333333334 0.06333333333333334 0.023333333333333334 0.06333333333333334 0.05 0.07666666666666666 0.016666666666666666 0.05 
0.04391891891891892 0.016891891891891893 0.016891891891891893 0.057432432432432436 0.02364864864864865 0.02364864864864865 0.02364864864864865 0.037162162162162164 0.09797297297297297 0.07094594594594594 0.15202702702702703 0.04391891891891892 0.09121621621621621 0.04391891891891892 0.037162162162162164 0.04391891891891892 0.04391891891891892 0.02364864864864865 0.057432432432432436 0.05067567567567568 
0.04824561403508772 0.03070175438596491 0.04824561403508772 0.08333333333333333 0.021929824561403508 0.021929824561403508 0.03070175438596491 0.03070175438596491 0.11842105263157894 0.06578947368421052 0.06578947368421052 0.021929824561403508 0.03070175438596491 0.03070175438596491 0.039473684210526314 0.07456140350877193 0.039473684210526314 0.09210526315789473 0.021929824561403508 0.08333333333333333 
0.03488372093023256 0.027131782945736434 0.027131782945736434 0.050387596899224806 0.01937984496124031 0.05813953488372093 0.027131782945736434 0.050387596899224806 0.05813953488372093 0.12790697674418605 0.027131782945736434 0.07364341085271318 0.1124031007751938 0.01937984496124031 0.01937984496124031 0.05813953488372093 0.08914728682170543 0.07364341085271318 0.01937984496124031 0.027131782945736434 
0.04736842105263158 0.03684210526315789 0.04736842105263158 0.02631578947368421 0.02631578947368421 0.07894736842105263 0.04736842105263158 0.03684210526315789 0.03684210526315789 0.03684210526315789 0.06842105263157895 0.03684210526315789 0.04736842105263158 0.04736842105263158 0.03684210526315789 0.19473684210526315 0.03684210526315789 0.03684210526315789 0.04736842105263158 0.02631578947368421 
0.02100840336134454 0.07142857142857142 0.0546218487394958 0.046218487394957986 0.02100840336134454 0.029411764705882353 0.046218487394957986 0.02100840336134454 0.07142857142857142 0.0546218487394958 0.046218487394957986 0.06302521008403361 0.02100840336134454 0.09663865546218488 0.029411764705882353 0.14705882352941177 0.0546218487394958 0.02100840336134454 0.0546218487394958 0.029411764705882353 
0.03982300884955752 0.03982300884955752 0.048672566371681415 0.030973451327433628 0.05752212389380531 0.06637168141592921 0.030973451327433628 0.03982300884955752 0.030973451327433628 0.030973451327433628 0.06637168141592921 0.048672566371681415 0.05752212389380531 0.0752212389380531 0.03982300884955752 0.15486725663716813 0.048672566371681415 0.022123893805309734 0.048672566371681415 0.022123893805309734 
0.03594771241830065 0.02287581699346405 0.016339869281045753 0.10784313725490197 0.02287581699346405 0.19281045751633988 0.016339869281045753 0.029411764705882353 0.016339869281045753 0.029411764705882353 0.016339869281045753 0.06209150326797386 0.09477124183006536 0.03594771241830065 0.08823529411764706 0.06862745098039216 0.07516339869281045 0.029411764705882353 0.02287581699346405 0.016339869281045753 
0.03741496598639456 0.05782312925170068 0.030612244897959183 0.09183673469387756 0.017006802721088437 0.24829931972789115 0.017006802721088437 0.030612244897959183 0.030612244897959183 0.030612244897959183 0.023809523809523808 0.023809523809523808 0.05102040816326531 0.023809523809523808 0.05102040816326531 0.11904761904761904 0.04421768707482993 0.030612244897959183 0.023809523809523808 0.017006802721088437 
0.04189944134078212 0.05865921787709497 0.05865921787709497 0.10335195530726257 0.019553072625698324 0.18156424581005587 0.05865921787709497 0.013966480446927373 0.030726256983240222 0.025139664804469275 0.05307262569832402 0.05865921787709497 0.030726256983240222 0.05865921787709497 0.013966480446927373 0.08659217877094973 0.036312849162011177 0.025139664804469275 0.025139664804469275 0.019553072625698324 
0.026785714285714284 0.05654761904761905 0.08630952380952381 0.05654761904761905 0.020833333333333332 0.1875 0.03869047619047619 0.044642857142857144 0.026785714285714284 0.044642857142857144 0.03273809523809524 0.044642857142857144 0.020833333333333332 0.020833333333333332 0.0625 0.12797619047619047 0.026785714285714284 0.01488095238095238 0.03273809523809524 0.026785714285714284 
0.044 0.052 0.028 0.052 0.036 0.188 0.036 0.028 0.02 0.028 0.044 0.028 0.092 0.036 0.02 0.108 0.052 0.044 0.028 0.036 
0.05859375 0.04296875 0.12109375 0.07421875 0.04296875 0.16015625 0.03515625 0.02734375 0.01953125 0.05078125 0.05078125 0.05078125 0.02734375 0.01953125 0.04296875 0.06640625 0.03515625 0.03515625 0.01953125 0.01953125 
0.021929824561403508 0.021929824561403508 0.021929824561403508 0.09210526315789473 0.039473684210526314 0.03070175438596491 0.03070175438596491 0.039473684210526314 0.021929824561403508 0.039473684210526314 0.03070175438596491 0.021929824561403508 0.09210526315789473 0.08333333333333333 0.05701754385964912 0.17105263157894737 0.03070175438596491 0.04824561403508772 0.08333333333333333 0.021929824561403508 
0.02631578947368421 0.03383458646616541 0.03383458646616541 0.03383458646616541 0.02631578947368421 0.03383458646616541 0.02631578947368421 0.04887218045112782 0.02631578947368421 0.018796992481203006 0.05639097744360902 0.03383458646616541 0.09398496240601503 0.06390977443609022 0.02631578947368421 0.2518796992481203 0.04887218045112782 0.04887218045112782 0.04887218045112782 0.018796992481203006 
0.02734375 0.06640625 0.01953125 0.01953125 0.01953125 0.02734375 0.03515625 0.03515625 0.02734375 0.02734375 0.02734375 0.05078125 0.16796875 0.08984375 0.01953125 0.16796875 0.04296875 0.04296875 0.05078125 0.03515625 
0.031818181818181815 0.022727272727272728 0.031818181818181815 0.022727272727272728 0.04090909090909091 0.06818181818181818 0.031818181818181815 0.031818181818181815 0.031818181818181815 0.031818181818181815 0.06818181818181818 0.031818181818181815 0.12272727272727273 0.05 0.022727272727272728 0.22272727272727272 0.031818181818181815 0.04090909090909091 0.022727272727272728 0.04090909090909091 
0.02358490566037736 0.0330188679245283 0.05188679245283019 0.0330188679245283 0.02358490566037736 0.09905660377358491 0.04245283018867924 0.04245283018867924 0.0330188679245283 0.0330188679245283 0.0330188679245283 0.04245283018867924 0.08018867924528301 0.04245283018867924 0.02358490566037736 0.25943396226415094 0.0330188679245283 0.02358490566037736 0.02358490566037736 0.02358490566037736 
0.04421768707482993 0.04421768707482993 0.05782312925170068 0.023809523809523808 0.017006802721088437 0.05102040816326531 0.023809523809523808 0.017006802721088437 0.03741496598639456 0.030612244897959183 0.0782312925170068 0.12585034013605442 0.09183673469387756 0.03741496598639456 0.023809523809523808 0.15306122448979592 0.05782312925170068 0.030612244897959183 0.03741496598639456 0.017006802721088437 
0.03535353535353535 0.05555555555555555 0.025252525252525252 0.025252525252525252 0.025252525252525252 0.09595959595959595 0.03535353535353535 0.05555555555555555 0.03535353535353535 0.03535353535353535 0.07575757575757576 0.025252525252525252 0.05555555555555555 0.03535353535353535 0.03535353535353535 0.19696969696969696 0.03535353535353535 0.03535353535353535 0.025252525252525252 0.05555555555555555 
0.057291666666666664 0.036458333333333336 0.046875 0.036458333333333336 0.036458333333333336 0.09895833333333333 0.046875 0.046875 0.036458333333333336 0.036458333333333336 0.046875 0.057291666666666664 0.057291666666666664 0.036458333333333336 0.046875 0.140625 0.026041666666666668 0.057291666666666664 0.026041666666666668 0.026041666666666668 
0.05416666666666667 0.0375 0.029166666666666667 0.04583333333333333 0.029166666666666667 0.04583333333333333 0.07916666666666666 0.029166666666666667 0.029166666666666667 0.0375 0.029166666666666667 0.07916666666666666 0.05416666666666667 0.04583333333333333 0.04583333333333333 0.2125 0.0375 0.020833333333333332 0.0375 0.020833333333333332 
0.03767123287671233 0.04452054794520548 0.023972602739726026 0.07191780821917808 0.030821917808219176 0.05136986301369863 0.023972602739726026 0.023972602739726026 0.023972602739726026 0.04452054794520548 0.10616438356164383 0.05136986301369863 0.06506849315068493 0.030821917808219176 0.017123287671232876 0.21575342465753425 0.030821917808219176 0.030821917808219176 0.05136986301369863 0.023972602739726026 
0.04054054054054054 0.02252252252252252 0.02252252252252252 0.02252252252252252 0.02252252252252252 0.04954954954954955 0.03153153153153153 0.04954954954954955 0.04054054054054054 0.03153153153153153 0.1036036036036036 0.13063063063063063 0.02252252252252252 0.04954954954954955 0.04054054054054054 0.16666666666666666 0.04054054054054054 0.02252252252252252 0.06756756756756757 0.02252252252252252 
0.06343283582089553 0.026119402985074626 0.041044776119402986 0.041044776119402986 0.026119402985074626 0.07835820895522388 0.041044776119402986 0.041044776119402986 0.026119402985074626 0.018656716417910446 0.09328358208955224 0.055970149253731345 0.026119402985074626 0.041044776119402986 0.026119402985074626 0.20522388059701493 0.033582089552238806 0.033582089552238806 0.06343283582089553 0.018656716417910446 
0.04639175257731959 0.03608247422680412 0.03608247422680412 0.03608247422680412 0.02577319587628866 0.07731958762886598 0.02577319587628866 0.02577319587628866 0.02577319587628866 0.02577319587628866 0.10824742268041238 0.06701030927835051 0.04639175257731959 0.06701030927835051 0.02577319587628866 0.15979381443298968 0.05670103092783505 0.02577319587628866 0.04639175257731959 0.03608247422680412 
0.06132075471698113 0.0330188679245283 0.02358490566037736 0.02358490566037736 0.02358490566037736 0.08962264150943396 0.04245283018867924 0.02358490566037736 0.05188679245283019 0.0330188679245283 0.12735849056603774 0.06132075471698113 0.0330188679245283 0.04245283018867924 0.02358490566037736 0.17452830188679244 0.0330188679245283 0.02358490566037736 0.0330188679245283 0.04245283018867924 
0.01968503937007874 0.04330708661417323 0.027559055118110236 0.051181102362204724 0.01968503937007874 0.06692913385826772 0.01968503937007874 0.05905511811023622 0.027559055118110236 0.01968503937007874 0.1062992125984252 0.051181102362204724 0.027559055118110236 0.06692913385826772 0.01968503937007874 0.19291338582677164 0.05905511811023622 0.01968503937007874 0.07480314960629922 0.027559055118110236 
0.023148148148148147 0.032407407407407406 0.032407407407407406 0.023148148148148147 0.041666666666666664 0.0787037037037037 0.023148148148148147 0.023148148148148147 0.032407407407407406 0.13425925925925927 0.22685185185185186 0.032407407407407406 0.023148148148148147 0.032407407407407406 0.023148148148148147 0.023148148148148147 0.023148148148148147 0.06944444444444445 0.06944444444444445 0.032407407407407406 
0.03873239436619718 0.017605633802816902 0.045774647887323945 0.0528169014084507 0.017605633802816902 0.0880281690140845 0.02464788732394366 0.017605633802816902 0.02464788732394366 0.08098591549295775 0.30633802816901406 0.017605633802816902 0.017605633802816902 0.03169014084507042 0.03169014084507042 0.03169014084507042 0.06690140845070422 0.017605633802816902 0.0528169014084507 0.017605633802816902 
0.02717391304347826 0.02717391304347826 0.03804347826086957 0.02717391304347826 0.03804347826086957 0.07065217391304347 0.02717391304347826 0.059782608695652176 0.02717391304347826 0.07065217391304347 0.2554347826086957 0.02717391304347826 0.02717391304347826 0.03804347826086957 0.04891304347826087 0.04891304347826087 0.03804347826086957 0.03804347826086957 0.03804347826086957 0.02717391304347826 
0.02336448598130841 0.04205607476635514 0.03271028037383177 0.09813084112149532 0.04205607476635514 0.07009345794392523 0.02336448598130841 0.06074766355140187 0.08878504672897196 0.1261682242990654 0.10747663551401869 0.02336448598130841 0.02336448598130841 0.0514018691588785 0.02336448598130841 0.04205607476635514 0.02336448598130841 0.04205607476635514 0.03271028037383177 0.02336448598130841 
0.027472527472527472 0.04945054945054945 0.027472527472527472 0.027472527472527472 0.027472527472527472 0.07142857142857142 0.027472527472527472 0.027472527472527472 0.1043956043956044 0.09340659340659341 0.07142857142857142 0.08241758241758242 0.09340659340659341 0.04945054945054945 0.04945054945054945 0.04945054945054945 0.027472527472527472 0.038461538461538464 0.027472527472527472 0.027472527472527472 
0.02032520325203252 0.036585365853658534 0.02032520325203252 0.02032520325203252 0.028455284552845527 0.06910569105691057 0.028455284552845527 0.02032520325203252 0.14227642276422764 0.09349593495934959 0.15040650406504066 0.02032520325203252 0.036585365853658534 0.044715447154471545 0.02032520325203252 0.09349593495934959 0.036585365853658534 0.044715447154471545 0.044715447154471545 0.028455284552845527 
0.028735632183908046 0.040229885057471264 0.028735632183908046 0.028735632183908046 0.028735632183908046 0.040229885057471264 0.028735632183908046 0.05172413793103448 0.028735632183908046 0.07471264367816093 0.1896551724137931 0.028735632183908046 0.05172413793103448 0.028735632183908046 0.028735632183908046 0.05172413793103448 0.05172413793103448 0.08620689655172414 0.07471264367816093 0.028735632183908046 
0.0755813953488372 0.0755813953488372 0.029069767441860465 0.040697674418604654 0.029069767441860465 0.040697674418604654 0.029069767441860465 0.029069767441860465 0.029069767441860465 0.029069767441860465 0.18023255813953487 0.029069767441860465 0.040697674418604654 0.06395348837209303 0.05232558139534884 0.040697674418604654 0.0755813953488372 0.040697674418604654 0.040697674418604654 0.029069767441860465 
0.06716417910447761 0.03731343283582089 0.03731343283582089 0.03731343283582089 0.06716417910447761 0.03731343283582089 0.06716417910447761 0.03731343283582089 0.03731343283582089 0.05223880597014925 0.1417910447761194 0.03731343283582089 0.06716417910447761 0.03731343283582089 0.03731343283582089 0.03731343283582089 0.03731343283582089 0.03731343283582089 0.05223880597014925 0.03731343283582089 
0.06395348837209303 0.040697674418604654 0.040697674418604654 0.029069767441860465 0.040697674418604654 0.029069767441860465 0.029069767441860465 0.029069767441860465 0.029069767441860465 0.06395348837209303 0.12209302325581395 0.12209302325581395 0.029069767441860465 0.029069767441860465 0.05232558139534884 0.029069767441860465 0.05232558139534884 0.0755813953488372 0.06395348837209303 0.029069767441860465 
0.025252525252525252 0.025252525252525252 0.025252525252525252 0.025252525252525252 0.025252525252525252 0.025252525252525252 0.045454545454545456 0.06565656565656566 0.05555555555555555 0.03535353535353535 0.3181818181818182 0.025252525252525252 0.025252525252525252 0.025252525252525252 0.03535353535353535 0.03535353535353535 0.03535353535353535 0.045454545454545456 0.06565656565656566 0.03535353535353535 
0.12109375 0.01953125 0.02734375 0.04296875 0.01953125 0.01953125 0.01953125 0.03515625 0.04296875 0.03515625 0.30859375 0.05859375 0.01953125 0.02734375 0.02734375 0.01953125 0.05078125 0.02734375 0.05859375 0.01953125 
0.028 0.02 0.052 0.052 0.028 0.076 0.02 0.068 0.036 0.068 0.196 0.052 0.028 0.06 0.02 0.02 0.052 0.028 0.068 0.028 
0.03535353535353535 0.045454545454545456 0.06565656565656566 0.06565656565656566 0.025252525252525252 0.09595959595959595 0.03535353535353535 0.025252525252525252 0.025252525252525252 0.03535353535353535 0.11616161616161616 0.045454545454545456 0.05555555555555555 0.045454545454545456 0.03535353535353535 0.045454545454545456 0.025252525252525252 0.025252525252525252 0.12626262626262627 0.025252525252525252 
0.08333333333333333 0.03431372549019608 0.06372549019607843 0.07352941176470588 0.04411764705882353 0.08333333333333333 0.04411764705882353 0.03431372549019608 0.03431372549019608 0.05392156862745098 0.12254901960784313 0.07352941176470588 0.03431372549019608 0.024509803921568627 0.03431372549019608 0.024509803921568627 0.03431372549019608 0.024509803921568627 0.04411764705882353 0.03431372549019608 
0.03535353535353535 0.025252525252525252 0.025252525252525252 0.03535353535353535 0.025252525252525252 0.045454545454545456 0.025252525252525252 0.03535353535353535 0.025252525252525252 0.10606060606060606 0.17676767676767677 0.03535353535353535 0.045454545454545456 0.15656565656565657 0.03535353535353535 0.03535353535353535 0.025252525252525252 0.03535353535353535 0.03535353535353535 0.03535353535353535 
0.01773049645390071 0.01773049645390071 0.01773049645390071 0.04609929078014184 0.031914893617021274 0.03900709219858156 0.024822695035460994 0.01773049645390071 0.024822695035460994 0.0673758865248227 0.35815602836879434 0.04609929078014184 0.01773049645390071 0.0673758865248227 0.01773049645390071 0.024822695035460994 0.01773049645390071 0.031914893617021274 0.0673758865248227 0.04609929078014184 
0.017241379310344827 0.017241379310344827 0.02413793103448276 0.02413793103448276 0.03793103448275862 0.017241379310344827 0.017241379310344827 0.03103448275862069 0.017241379310344827 0.09310344827586207 0.29310344827586204 0.03793103448275862 0.02413793103448276 0.07931034482758621 0.05172413793103448 0.017241379310344827 0.05172413793103448 0.04482758620689655 0.08620689655172414 0.017241379310344827 
0.03333333333333333 0.03333333333333333 0.03333333333333333 0.04666666666666667 0.04666666666666667 0.04666666666666667 0.03333333333333333 0.06 0.07333333333333333 0.03333333333333333 0.07333333333333333 0.1 0.03333333333333333 0.07333333333333333 0.07333333333333333 0.03333333333333333 0.03333333333333333 0.04666666666666667 0.06 0.03333333333333333 
0.025547445255474453 0.08394160583941605 0.04744525547445255 0.032846715328467155 0.025547445255474453 0.025547445255474453 0.040145985401459854 0.025547445255474453 0.032846715328467155 0.040145985401459854 0.07664233576642336 0.21532846715328466 0.025547445255474453 0.040145985401459854 0.08394160583941605 0.01824817518248175 0.04744525547445255 0.025547445255474453 0.06934306569343066 0.01824817518248175 
0.028089887640449437 0.05056179775280899 0.05056179775280899 0.03932584269662921 0.028089887640449437 0.03932584269662921 0.028089887640449437 0.03932584269662921 0.08426966292134831 0.03932584269662921 0.11797752808988764 0.07303370786516854 0.028089887640449437 0.03932584269662921 0.06179775280898876 0.028089887640449437 0.05056179775280899 0.03932584269662921 0.10674157303370786 0.028089887640449437 
0.026595744680851064 0.026595744680851064 0.06914893617021277 0.047872340425531915 0.03723404255319149 0.06914893617021277 0.03723404255319149 0.026595744680851064 0.03723404255319149 0.047872340425531915 0.047872340425531915 0.06914893617021277 0.11170212765957446 0.05851063829787234 0.026595744680851064 0.03723404255319149 0.09042553191489362 0.026595744680851064 0.06914893617021277 0.03723404255319149 
0.026515151515151516 0.041666666666666664 0.06439393939393939 0.026515151515151516 0.026515151515151516 0.125 0.03409090909090909 0.01893939393939394 0.041666666666666664 0.10227272727272728 0.03409090909090909 0.04924242424242424 0.10227272727272728 0.0946969696969697 0.03409090909090909 0.03409090909090909 0.026515151515151516 0.04924242424242424 0.03409090909090909 0.03409090909090909 
0.026119402985074626 0.018656716417910446 0.11567164179104478 0.09328358208955224 0.018656716417910446 0.055970149253731345 0.018656716417910446 0.026119402985074626 0.018656716417910446 0.0708955223880597 0.055970149253731345 0.041044776119402986 0.07835820895522388 0.033582089552238806 0.10074626865671642 0.048507462686567165 0.055970149253731345 0.026119402985074626 0.07835820895522388 0.018656716417910446 
0.04487179487179487 0.25 0.04487179487179487 0.03205128205128205 0.057692307692307696 0.04487179487179487 0.03205128205128205 0.03205128205128205 0.03205128205128205 0.03205128205128205 0.04487179487179487 0.03205128205128205 0.03205128205128205 0.04487179487179487 0.04487179487179487 0.04487179487179487 0.03205128205128205 0.04487179487179487 0.04487179487179487 0.03205128205128205 
0.038461538461538464 0.21794871794871795 0.04700854700854701 0.038461538461538464 0.0811965811965812 0.05555555555555555 0.021367521367521368 0.029914529914529916 0.021367521367521368 0.029914529914529916 0.038461538461538464 0.0641025641025641 0.038461538461538464 0.038461538461538464 0.021367521367521368 0.038461538461538464 0.08974358974358974 0.038461538461538464 0.021367521367521368 0.029914529914529916 
0.036885245901639344 0.29098360655737704 0.06147540983606557 0.045081967213114756 0.036885245901639344 0.020491803278688523 0.020491803278688523 0.028688524590163935 0.028688524590163935 0.06967213114754098 0.05327868852459016 0.045081967213114756 0.036885245901639344 0.028688524590163935 0.028688524590163935 0.045081967213114756 0.020491803278688523 0.036885245901639344 0.045081967213114756 0.020491803278688523 
0.03982300884955752 0.3141592920353982 0.048672566371681415 0.022123893805309734 0.03982300884955752 0.03982300884955752 0.022123893805309734 0.03982300884955752 0.022123893805309734 0.022123893805309734 0.030973451327433628 0.06637168141592921 0.048672566371681415 0.048672566371681415 0.03982300884955752 0.03982300884955752 0.022123893805309734 0.022123893805309734 0.03982300884955752 0.030973451327433628 
0.03435114503816794 0.25572519083969464 0.03435114503816794 0.07251908396946564 0.026717557251908396 0.026717557251908396 0.04961832061068702 0.03435114503816794 0.019083969465648856 0.03435114503816794 0.019083969465648856 0.03435114503816794 0.08778625954198473 0.03435114503816794 0.03435114503816794 0.04961832061068702 0.05725190839694656 0.019083969465648856 0.04961832061068702 0.026717557251908396 
0.032467532467532464 0.2662337662337662 0.032467532467532464 0.032467532467532464 0.045454545454545456 0.032467532467532464 0.045454545454545456 0.032467532467532464 0.032467532467532464 0.032467532467532464 0.032467532467532464 0.032467532467532464 0.045454545454545456 0.05844155844155844 0.045454545454545456 0.07142857142857142 0.032467532467532464 0.032467532467532464 0.032467532467532464 0.032467532467532464 
0.01953125 0.19921875 0.03515625 0.01953125 0.04296875 0.05078125 0.05078125 0.01953125 0.01953125 0.05078125 0.01953125 0.06640625 0.02734375 0.07421875 0.03515625 0.05078125 0.10546875 0.01953125 0.05859375 0.03515625 
0.026923076923076925 0.019230769230769232 0.019230769230769232 0.019230769230769232 0.019230769230769232 0.1346153846153846 0.2423076923076923 0.04230769230769231 0.03461538461538462 0.05 0.08076923076923077 0.019230769230769232 0.019230769230769232 0.07307692307692308 0.04230769230769231 0.04230769230769231 0.05 0.026923076923076925 0.019230769230769232 0.019230769230769232 
0.02577319587628866 0.05670103092783505 0.05670103092783505 0.03608247422680412 0.02577319587628866 0.13917525773195877 0.20103092783505155 0.02577319587628866 0.04639175257731959 0.04639175257731959 0.02577319587628866 0.04639175257731959 0.02577319587628866 0.03608247422680412 0.02577319587628866 0.03608247422680412 0.03608247422680412 0.02577319587628866 0.05670103092783505 0.02577319587628866 
0.05136986301369863 0.023972602739726026 0.03767123287671233 0.017123287671232876 0.023972602739726026 0.10616438356164383 0.21575342465753425 0.04452054794520548 0.023972602739726026 0.030821917808219176 0.09246575342465753 0.023972602739726026 0.05136986301369863 0.017123287671232876 0.030821917808219176 0.04452054794520548 0.07876712328767123 0.04452054794520548 0.017123287671232876 0.023972602739726026 
0.043689320388349516 0.024271844660194174 0.03398058252427184 0.043689320388349516 0.043689320388349516 0.05339805825242718 0.06310679611650485 0.024271844660194174 0.03398058252427184 0.043689320388349516 0.2087378640776699 0.043689320388349516 0.024271844660194174 0.07281553398058252 0.05339805825242718 0.024271844660194174 0.05339805825242718 0.03398058252427184 0.043689320388349516 0.03398058252427184 
0.028409090909090908 0.028409090909090908 0.028409090909090908 0.0625 0.03977272727272727 0.03977272727272727 0.05113636363636364 0.05113636363636364 0.028409090909090908 0.028409090909090908 0.23295454545454544 0.09659090909090909 0.03977272727272727 0.05113636363636364 0.028409090909090908 0.028409090909090908 0.03977272727272727 0.028409090909090908 0.028409090909090908 0.03977272727272727 
0.03435114503816794 0.019083969465648856 0.04198473282442748 0.019083969465648856 0.03435114503816794 0.14122137404580154 0.026717557251908396 0.019083969465648856 0.019083969465648856 0.07251908396946564 0.22519083969465647 0.03435114503816794 0.04198473282442748 0.07251908396946564 0.03435114503816794 0.04961832061068702 0.019083969465648856 0.026717557251908396 0.04961832061068702 0.019083969465648856 
0.01824817518248175 0.025547445255474453 0.01824817518248175 0.01824817518248175 0.025547445255474453 0.05474452554744526 0.025547445255474453 0.025547445255474453 0.032846715328467155 0.10583941605839416 0.28832116788321166 0.06934306569343066 0.032846715328467155 0.06204379562043796 0.025547445255474453 0.04744525547445255 0.040145985401459854 0.040145985401459854 0.025547445255474453 0.01824817518248175 
0.04205607476635514 0.02336448598130841 0.02336448598130841 0.04205607476635514 0.02336448598130841 0.03271028037383177 0.04205607476635514 0.03271028037383177 0.02336448598130841 0.07009345794392523 0.1822429906542056 0.07009345794392523 0.03271028037383177 0.07009345794392523 0.02336448598130841 0.03271028037383177 0.16355140186915887 0.02336448598130841 0.02336448598130841 0.02336448598130841 
0.03153153153153153 0.02252252252252252 0.04054054054054054 0.04954954954954955 0.03153153153153153 0.03153153153153153 0.02252252252252252 0.06756756756756757 0.02252252252252252 0.02252252252252252 0.23873873873873874 0.05855855855855856 0.04054054054054054 0.05855855855855856 0.04954954954954955 0.05855855855855856 0.07657657657657657 0.03153153153153153 0.02252252252252252 0.02252252252252252 
0.068 0.052 0.028 0.044 0.028 0.036 0.068 0.068 0.02 0.052 0.18 0.036 0.036 0.028 0.028 0.02 0.1 0.036 0.052 0.02 
0.027472527472527472 0.06043956043956044 0.07142857142857142 0.027472527472527472 0.038461538461538464 0.11538461538461539 0.04945054945054945 0.027472527472527472 0.038461538461538464 0.06043956043956044 0.15934065934065933 0.038461538461538464 0.027472527472527472 0.04945054945054945 0.027472527472527472 0.027472527472527472 0.04945054945054945 0.038461538461538464 0.027472527472527472 0.038461538461538464 
0.025 0.039285714285714285 0.04642857142857143 0.039285714285714285 0.05357142857142857 0.075 0.025 0.017857142857142856 0.017857142857142856 0.017857142857142856 0.28214285714285714 0.075 0.04642857142857143 0.017857142857142856 0.03214285714285714 0.06785714285714285 0.03214285714285714 0.025 0.025 0.039285714285714285 
0.046218487394957986 0.046218487394957986 0.07983193277310924 0.046218487394957986 0.037815126050420166 0.07983193277310924 0.037815126050420166 0.02100840336134454 0.046218487394957986 0.029411764705882353 0.1638655462184874 0.046218487394957986 0.029411764705882353 0.02100840336134454 0.0546218487394958 0.046218487394957986 0.0546218487394958 0.02100840336134454 0.0546218487394958 0.037815126050420166 
0.03691275167785235 0.07718120805369127 0.0436241610738255 0.0436241610738255 0.02348993288590604 0.07046979865771812 0.016778523489932886 0.02348993288590604 0.016778523489932886 0.1040268456375839 0.1644295302013423 0.02348993288590604 0.03691275167785235 0.016778523489932886 0.030201342281879196 0.02348993288590604 0.09060402684563758 0.03691275167785235 0.03691275167785235 0.08389261744966443 
0.04591836734693878 0.04591836734693878 0.03571428571428571 0.025510204081632654 0.025510204081632654 0.14795918367346939 0.025510204081632654 0.04591836734693878 0.025510204081632654 0.025510204081632654 0.17857142857142858 0.025510204081632654 0.03571428571428571 0.03571428571428571 0.025510204081632654 0.03571428571428571 0.025510204081632654 0.04591836734693878 0.08673469387755102 0.05612244897959184 
0.06132075471698113 0.04245283018867924 0.04245283018867924 0.05188679245283019 0.0330188679245283 0.05188679245283019 0.07075471698113207 0.02358490566037736 0.02358490566037736 0.06132075471698113 0.18396226415094338 0.02358490566037736 0.06132075471698113 0.0330188679245283 0.02358490566037736 0.05188679245283019 0.05188679245283019 0.04245283018867924 0.0330188679245283 0.0330188679245283 
0.043689320388349516 0.03398058252427184 0.05339805825242718 0.05339805825242718 0.024271844660194174 0.03398058252427184 0.024271844660194174 0.024271844660194174 0.07281553398058252 0.0825242718446602 0.23786407766990292 0.024271844660194174 0.043689320388349516 0.024271844660194174 0.05339805825242718 0.024271844660194174 0.03398058252427184 0.024271844660194174 0.06310679611650485 0.024271844660194174 
0.02066115702479339 0.05371900826446281 0.06198347107438017 0.05371900826446281 0.02066115702479339 0.11983471074380166 0.0371900826446281 0.08677685950413223 0.02066115702479339 0.11983471074380166 0.128099173553719 0.02066115702479339 0.02066115702479339 0.0371900826446281 0.0371900826446281 0.0371900826446281 0.0371900826446281 0.028925619834710745 0.0371900826446281 0.02066115702479339 
0.05113636363636364 0.028409090909090908 0.03977272727272727 0.028409090909090908 0.028409090909090908 0.028409090909090908 0.03977272727272727 0.05113636363636364 0.03977272727272727 0.10795454545454546 0.13068181818181818 0.03977272727272727 0.05113636363636364 0.05113636363636364 0.0625 0.03977272727272727 0.028409090909090908 0.0625 0.0625 0.028409090909090908 
0.026515151515151516 0.026515151515151516 0.026515151515151516 0.04924242424242424 0.03409090909090909 0.03409090909090909 0.01893939393939394 0.03409090909090909 0.03409090909090909 0.1553030303030303 0.24621212121212122 0.03409090909090909 0.01893939393939394 0.026515151515151516 0.026515151515151516 0.026515151515151516 0.041666666666666664 0.04924242424242424 0.056818181818181816 0.03409090909090909 
0.03594771241830065 0.02287581699346405 0.049019607843137254 0.016339869281045753 0.029411764705882353 0.02287581699346405 0.016339869281045753 0.016339869281045753 0.03594771241830065 0.13398692810457516 0.18627450980392157 0.14705882352941177 0.05555555555555555 0.03594771241830065 0.042483660130718956 0.016339869281045753 0.016339869281045753 0.03594771241830065 0.049019607843137254 0.03594771241830065 
0.03211009174311927 0.03211009174311927 0.04128440366972477 0.022935779816513763 0.12385321100917432 0.022935779816513763 0.04128440366972477 0.04128440366972477 0.022935779816513763 0.04128440366972477 0.14220183486238533 0.06880733944954129 0.03211009174311927 0.04128440366972477 0.05045871559633028 0.04128440366972477 0.05963302752293578 0.03211009174311927 0.0871559633027523 0.022935779816513763 
0.05670103092783505 0.02577319587628866 0.05670103092783505 0.02577319587628866 0.04639175257731959 0.05670103092783505 0.03608247422680412 0.05670103092783505 0.02577319587628866 0.05670103092783505 0.10824742268041238 0.05670103092783505 0.04639175257731959 0.02577319587628866 0.06701030927835051 0.04639175257731959 0.0979381443298969 0.04639175257731959 0.03608247422680412 0.02577319587628866 
0.024752475247524754 0.024752475247524754 0.04455445544554455 0.04455445544554455 0.024752475247524754 0.024752475247524754 0.07425742574257425 0.034653465346534656 0.034653465346534656 0.034653465346534656 0.13366336633663367 0.04455445544554455 0.07425742574257425 0.034653465346534656 0.13366336633663367 0.04455445544554455 0.034653465346534656 0.054455445544554455 0.054455445544554455 0.024752475247524754 
0.04929577464788732 0.035211267605633804 0.035211267605633804 0.035211267605633804 0.04929577464788732 0.035211267605633804 0.035211267605633804 0.035211267605633804 0.035211267605633804 0.07746478873239436 0.21830985915492956 0.04929577464788732 0.035211267605633804 0.035211267605633804 0.04929577464788732 0.035211267605633804 0.035211267605633804 0.035211267605633804 0.04929577464788732 0.035211267605633804 
0.03571428571428571 0.05 0.03571428571428571 0.03571428571428571 0.03571428571428571 0.06428571428571428 0.06428571428571428 0.03571428571428571 0.03571428571428571 0.05 0.15 0.03571428571428571 0.03571428571428571 0.03571428571428571 0.06428571428571428 0.06428571428571428 0.05 0.03571428571428571 0.05 0.03571428571428571 
0.04591836734693878 0.04591836734693878 0.03571428571428571 0.04591836734693878 0.03571428571428571 0.025510204081632654 0.025510204081632654 0.05612244897959184 0.0663265306122449 0.08673469387755102 0.17857142857142858 0.025510204081632654 0.04591836734693878 0.0663265306122449 0.04591836734693878 0.03571428571428571 0.04591836734693878 0.025510204081632654 0.03571428571428571 0.025510204081632654 
0.030973451327433628 0.022123893805309734 0.10176991150442478 0.030973451327433628 0.03982300884955752 0.05752212389380531 0.030973451327433628 0.022123893805309734 0.030973451327433628 0.022123893805309734 0.18141592920353983 0.022123893805309734 0.05752212389380531 0.048672566371681415 0.06637168141592921 0.05752212389380531 0.048672566371681415 0.048672566371681415 0.05752212389380531 0.022123893805309734 
0.026717557251908396 0.019083969465648856 0.11068702290076336 0.04961832061068702 0.026717557251908396 0.04198473282442748 0.04198473282442748 0.026717557251908396 0.019083969465648856 0.026717557251908396 0.24045801526717558 0.10305343511450382 0.04961832061068702 0.019083969465648856 0.03435114503816794 0.03435114503816794 0.019083969465648856 0.03435114503816794 0.03435114503816794 0.04198473282442748 
0.050387596899224806 0.04263565891472868 0.04263565891472868 0.027131782945736434 0.01937984496124031 0.08914728682170543 0.027131782945736434 0.08914728682170543 0.027131782945736434 0.01937984496124031 0.26744186046511625 0.04263565891472868 0.04263565891472868 0.027131782945736434 0.01937984496124031 0.050387596899224806 0.03488372093023256 0.01937984496124031 0.04263565891472868 0.01937984496124031 
0.034653465346534656 0.034653465346534656 0.09405940594059406 0.04455445544554455 0.024752475247524754 0.04455445544554455 0.034653465346534656 0.034653465346534656 0.034653465346534656 0.054455445544554455 0.21287128712871287 0.024752475247524754 0.06435643564356436 0.024752475247524754 0.024752475247524754 0.034653465346534656 0.034653465346534656 0.054455445544554455 0.054455445544554455 0.034653465346534656 
0.045081967213114756 0.020491803278688523 0.028688524590163935 0.12704918032786885 0.020491803278688523 0.020491803278688523 0.045081967213114756 0.036885245901639344 0.06147540983606557 0.036885245901639344 0.18442622950819673 0.05327868852459016 0.028688524590163935 0.028688524590163935 0.05327868852459016 0.045081967213114756 0.045081967213114756 0.05327868852459016 0.036885245901639344 0.028688524590163935 
