0.02403846153846154 0.07211538461538461 0.02403846153846154 0.09134615384615384 0.0625 0.02403846153846154 0.20673076923076922 0.02403846153846154 0.04326923076923077 0.02403846153846154 0.02403846153846154 0.02403846153846154 0.04326923076923077 0.08173076923076923 0.04326923076923077 0.02403846153846154 0.04326923076923077 0.07211538461538461 0.02403846153846154 0.02403846153846154 
0.026041666666666668 0.078125 0.046875 0.09895833333333333 0.057291666666666664 0.046875 0.140625 0.036458333333333336 0.046875 0.06770833333333333 0.036458333333333336 0.046875 0.026041666666666668 0.026041666666666668 0.026041666666666668 0.026041666666666668 0.036458333333333336 0.026041666666666668 0.046875 0.057291666666666664 
0.024509803921568627 0.04411764705882353 0.024509803921568627 0.06372549019607843 0.03431372549019608 0.06372549019607843 0.11274509803921569 0.024509803921568627 0.22058823529411764 0.06372549019607843 0.03431372549019608 0.03431372549019608 0.04411764705882353 0.024509803921568627 0.05392156862745098 0.024509803921568627 0.03431372549019608 0.024509803921568627 0.024509803921568627 0.024509803921568627 
0.040229885057471264 0.040229885057471264 0.040229885057471264 0.09770114942528736 0.040229885057471264 0.06321839080459771 0.13218390804597702 0.028735632183908046 0.05172413793103448 0.028735632183908046 0.028735632183908046 0.06321839080459771 0.028735632183908046 0.06321839080459771 0.040229885057471264 0.040229885057471264 0.05172413793103448 0.06321839080459771 0.028735632183908046 0.028735632183908046 
0.032407407407407406 0.023148148148148147 0.023148148148148147 0.041666666666666664 0.041666666666666664 0.041666666666666664 0.09722222222222222 0.041666666666666664 0.35648148148148145 0.041666666666666664 0.032407407407407406 0.032407407407407406 0.023148148148148147 0.032407407407407406 0.023148148148148147 0.023148148148148147 0.023148148148148147 0.023148148148148147 0.023148148148148147 0.023148148148148147 
0.042682926829268296 0.07926829268292683 0.042682926829268296 0.03048780487804878 0.03048780487804878 0.03048780487804878 0.03048780487804878 0.03048780487804878 0.21341463414634146 0.03048780487804878 0.03048780487804878 0.07926829268292683 0.042682926829268296 0.07926829268292683 0.03048780487804878 0.042682926829268296 0.03048780487804878 0.042682926829268296 0.03048780487804878 0.03048780487804878 
0.042682926829268296 0.06707317073170732 0.03048780487804878 0.03048780487804878 0.03048780487804878 0.054878048780487805 0.03048780487804878 0.03048780487804878 0.18902439024390244 0.03048780487804878 0.03048780487804878 0.03048780487804878 0.042682926829268296 0.06707317073170732 0.03048780487804878 0.042682926829268296 0.10365853658536585 0.03048780487804878 0.03048780487804878 0.054878048780487805 
0.03431372549019608 0.024509803921568627 0.024509803921568627 0.04411764705882353 0.024509803921568627 0.024509803921568627 0.19117647058823528 0.024509803921568627 0.25980392156862747 0.04411764705882353 0.024509803921568627 0.03431372549019608 0.06372549019607843 0.03431372549019608 0.024509803921568627 0.024509803921568627 0.024509803921568627 0.024509803921568627 0.024509803921568627 0.024509803921568627 
0.022321428571428572 0.03125 0.022321428571428572 0.049107142857142856 0.04017857142857143 0.04017857142857143 0.39732142857142855 0.03125 0.04017857142857143 0.03125 0.022321428571428572 0.03125 0.05803571428571429 0.022321428571428572 0.03125 0.022321428571428572 0.03125 0.022321428571428572 0.03125 0.022321428571428572 
0.028089887640449437 0.028089887640449437 0.028089887640449437 0.03932584269662921 0.03932584269662921 0.028089887640449437 0.42134831460674155 0.028089887640449437 0.03932584269662921 0.028089887640449437 0.028089887640449437 0.028089887640449437 0.028089887640449437 0.028089887640449437 0.028089887640449437 0.028089887640449437 0.028089887640449437 0.028089887640449437 0.028089887640449437 0.03932584269662921 
0.04198473282442748 0.03435114503816794 0.05725190839694656 0.08015267175572519 0.03435114503816794 0.026717557251908396 0.05725190839694656 0.03435114503816794 0.20229007633587787 0.04198473282442748 0.019083969465648856 0.14122137404580154 0.026717557251908396 0.019083969465648856 0.03435114503816794 0.04198473282442748 0.019083969465648856 0.03435114503816794 0.026717557251908396 0.026717557251908396 
0.0211864406779661 0.046610169491525424 0.029661016949152543 0.07203389830508475 0.029661016949152543 0.0211864406779661 0.046610169491525424 0.2245762711864407 0.038135593220338986 0.029661016949152543 0.029661016949152543 0.09745762711864407 0.05508474576271186 0.046610169491525424 0.0635593220338983 0.038135593220338986 0.029661016949152543 0.029661016949152543 0.029661016949152543 0.0211864406779661 
0.040145985401459854 0.040145985401459854 0.01824817518248175 0.08394160583941605 0.01824817518248175 0.040145985401459854 0.04744525547445255 0.22262773722627738 0.06934306569343066 0.04744525547445255 0.025547445255474453 0.09124087591240876 0.032846715328467155 0.025547445255474453 0.025547445255474453 0.05474452554744526 0.01824817518248175 0.025547445255474453 0.032846715328467155 0.040145985401459854 
0.04017857142857143 0.04017857142857143 0.03125 0.13839285714285715 0.04017857142857143 0.04017857142857143 0.022321428571428572 0.05803571428571429 0.05803571428571429 0.022321428571428572 0.022321428571428572 0.20089285714285715 0.08482142857142858 0.022321428571428572 0.049107142857142856 0.022321428571428572 0.022321428571428572 0.03125 0.022321428571428572 0.03125 
0.05172413793103448 0.028735632183908046 0.05172413793103448 0.05172413793103448 0.040229885057471264 0.06321839080459771 0.05172413793103448 0.06321839080459771 0.040229885057471264 0.040229885057471264 0.040229885057471264 0.14367816091954022 0.040229885057471264 0.05172413793103448 0.06321839080459771 0.028735632183908046 0.040229885057471264 0.028735632183908046 0.028735632183908046 0.05172413793103448 
0.057291666666666664 0.057291666666666664 0.036458333333333336 0.08854166666666667 0.046875 0.036458333333333336 0.026041666666666668 0.036458333333333336 0.036458333333333336 0.036458333333333336 0.026041666666666668 0.19270833333333334 0.026041666666666668 0.036458333333333336 0.057291666666666664 0.036458333333333336 0.026041666666666668 0.036458333333333336 0.078125 0.026041666666666668 
0.02358490566037736 0.02358490566037736 0.02358490566037736 0.04245283018867924 0.04245283018867924 0.05188679245283019 0.07075471698113207 0.04245283018867924 0.3443396226415094 0.02358490566037736 0.02358490566037736 0.02358490566037736 0.04245283018867924 0.0330188679245283 0.04245283018867924 0.02358490566037736 0.02358490566037736 0.02358490566037736 0.05188679245283019 0.02358490566037736 
0.01953125 0.03515625 0.02734375 0.05859375 0.04296875 0.03515625 0.01953125 0.01953125 0.39453125 0.01953125 0.01953125 0.02734375 0.05078125 0.05078125 0.02734375 0.02734375 0.02734375 0.04296875 0.01953125 0.03515625 
0.0211864406779661 0.046610169491525424 0.038135593220338986 0.046610169491525424 0.046610169491525424 0.029661016949152543 0.1059322033898305 0.0211864406779661 0.19915254237288135 0.05508474576271186 0.029661016949152543 0.08898305084745763 0.07203389830508475 0.029661016949152543 0.029661016949152543 0.029661016949152543 0.029661016949152543 0.038135593220338986 0.0211864406779661 0.0211864406779661 
0.02066115702479339 0.05371900826446281 0.02066115702479339 0.028925619834710745 0.02066115702479339 0.028925619834710745 0.07024793388429752 0.045454545454545456 0.34297520661157027 0.02066115702479339 0.045454545454545456 0.02066115702479339 0.05371900826446281 0.028925619834710745 0.028925619834710745 0.045454545454545456 0.02066115702479339 0.028925619834710745 0.0371900826446281 0.0371900826446281 
0.03431372549019608 0.07352941176470588 0.024509803921568627 0.08333333333333333 0.03431372549019608 0.024509803921568627 0.024509803921568627 0.024509803921568627 0.2696078431372549 0.024509803921568627 0.024509803921568627 0.03431372549019608 0.03431372549019608 0.024509803921568627 0.04411764705882353 0.04411764705882353 0.04411764705882353 0.024509803921568627 0.07352941176470588 0.03431372549019608 
0.018518518518518517 0.09259259259259259 0.03333333333333333 0.07777777777777778 0.03333333333333333 0.018518518518518517 0.018518518518518517 0.03333333333333333 0.1814814814814815 0.09259259259259259 0.025925925925925925 0.03333333333333333 0.04814814814814815 0.025925925925925925 0.06296296296296296 0.06296296296296296 0.040740740740740744 0.04814814814814815 0.018518518518518517 0.03333333333333333 
0.03982300884955752 0.09292035398230089 0.030973451327433628 0.022123893805309734 0.03982300884955752 0.06637168141592921 0.03982300884955752 0.022123893805309734 0.22566371681415928 0.06637168141592921 0.030973451327433628 0.030973451327433628 0.030973451327433628 0.03982300884955752 0.06637168141592921 0.030973451327433628 0.022123893805309734 0.030973451327433628 0.03982300884955752 0.030973451327433628 
0.036458333333333336 0.078125 0.026041666666666668 0.036458333333333336 0.046875 0.057291666666666664 0.036458333333333336 0.026041666666666668 0.22395833333333334 0.026041666666666668 0.026041666666666668 0.06770833333333333 0.036458333333333336 0.036458333333333336 0.057291666666666664 0.06770833333333333 0.026041666666666668 0.026041666666666668 0.036458333333333336 0.026041666666666668 
0.022123893805309734 0.11061946902654868 0.048672566371681415 0.030973451327433628 0.084070796460177 0.048672566371681415 0.048672566371681415 0.03982300884955752 0.11061946902654868 0.05752212389380531 0.03982300884955752 0.030973451327433628 0.03982300884955752 0.022123893805309734 0.03982300884955752 0.03982300884955752 0.030973451327433628 0.030973451327433628 0.022123893805309734 0.10176991150442478 
0.022321428571428572 0.022321428571428572 0.022321428571428572 0.06696428571428571 0.022321428571428572 0.04017857142857143 0.07589285714285714 0.022321428571428572 0.35267857142857145 0.03125 0.03125 0.022321428571428572 0.022321428571428572 0.04017857142857143 0.022321428571428572 0.03125 0.022321428571428572 0.03125 0.049107142857142856 0.049107142857142856 
0.02631578947368421 0.02631578947368421 0.03383458646616541 0.07894736842105263 0.02631578947368421 0.041353383458646614 0.02631578947368421 0.018796992481203006 0.4548872180451128 0.018796992481203006 0.018796992481203006 0.02631578947368421 0.03383458646616541 0.03383458646616541 0.02631578947368421 0.02631578947368421 0.018796992481203006 0.018796992481203006 0.018796992481203006 0.02631578947368421 
0.029914529914529916 0.04700854700854701 0.021367521367521368 0.08974358974358974 0.021367521367521368 0.04700854700854701 0.029914529914529916 0.021367521367521368 0.33760683760683763 0.029914529914529916 0.021367521367521368 0.07264957264957266 0.029914529914529916 0.021367521367521368 0.05555555555555555 0.021367521367521368 0.021367521367521368 0.021367521367521368 0.038461538461538464 0.021367521367521368 
0.022123893805309734 0.030973451327433628 0.03982300884955752 0.03982300884955752 0.03982300884955752 0.03982300884955752 0.084070796460177 0.022123893805309734 0.38495575221238937 0.03982300884955752 0.022123893805309734 0.030973451327433628 0.022123893805309734 0.030973451327433628 0.022123893805309734 0.022123893805309734 0.022123893805309734 0.022123893805309734 0.03982300884955752 0.022123893805309734 
0.041176470588235294 0.041176470588235294 0.06470588235294118 0.07647058823529412 0.029411764705882353 0.07647058823529412 0.06470588235294118 0.041176470588235294 0.17058823529411765 0.041176470588235294 0.029411764705882353 0.029411764705882353 0.029411764705882353 0.052941176470588235 0.029411764705882353 0.041176470588235294 0.041176470588235294 0.029411764705882353 0.041176470588235294 0.029411764705882353 
0.023809523809523808 0.12857142857142856 0.023809523809523808 0.09047619047619047 0.04285714285714286 0.05238095238095238 0.06190476190476191 0.023809523809523808 0.1761904761904762 0.03333333333333333 0.023809523809523808 0.03333333333333333 0.03333333333333333 0.04285714285714286 0.03333333333333333 0.04285714285714286 0.023809523809523808 0.03333333333333333 0.05238095238095238 0.023809523809523808 
0.05963302752293578 0.022935779816513763 0.05045871559633028 0.05963302752293578 0.022935779816513763 0.022935779816513763 0.06880733944954129 0.022935779816513763 0.15137614678899083 0.03211009174311927 0.03211009174311927 0.06880733944954129 0.022935779816513763 0.03211009174311927 0.022935779816513763 0.17889908256880735 0.03211009174311927 0.022935779816513763 0.04128440366972477 0.03211009174311927 
0.03164556962025317 0.03164556962025317 0.03164556962025317 0.08227848101265822 0.06962025316455696 0.0949367088607595 0.04430379746835443 0.03164556962025317 0.10759493670886076 0.04430379746835443 0.03164556962025317 0.03164556962025317 0.04430379746835443 0.04430379746835443 0.0949367088607595 0.03164556962025317 0.03164556962025317 0.03164556962025317 0.056962025316455694 0.03164556962025317 
0.045 0.055 0.025 0.055 0.045 0.055 0.035 0.035 0.145 0.025 0.075 0.035 0.075 0.035 0.025 0.055 0.045 0.025 0.085 0.025 
0.022123893805309734 0.030973451327433628 0.03982300884955752 0.09292035398230089 0.022123893805309734 0.022123893805309734 0.14601769911504425 0.022123893805309734 0.2345132743362832 0.022123893805309734 0.030973451327433628 0.022123893805309734 0.030973451327433628 0.05752212389380531 0.022123893805309734 0.022123893805309734 0.022123893805309734 0.030973451327433628 0.05752212389380531 0.048672566371681415 
0.022321428571428572 0.022321428571428572 0.022321428571428572 0.022321428571428572 0.022321428571428572 0.04017857142857143 0.12053571428571429 0.05803571428571429 0.36160714285714285 0.03125 0.022321428571428572 0.022321428571428572 0.03125 0.022321428571428572 0.022321428571428572 0.03125 0.04017857142857143 0.03125 0.022321428571428572 0.03125 
0.03017241379310345 0.021551724137931036 0.021551724137931036 0.021551724137931036 0.03017241379310345 0.03879310344827586 0.09051724137931035 0.021551724137931036 0.3146551724137931 0.03879310344827586 0.03017241379310345 0.03017241379310345 0.09051724137931035 0.021551724137931036 0.03879310344827586 0.021551724137931036 0.04741379310344827 0.021551724137931036 0.03017241379310345 0.03879310344827586 
0.03888888888888889 0.03888888888888889 0.027777777777777776 0.03888888888888889 0.027777777777777776 0.07222222222222222 0.08333333333333333 0.027777777777777776 0.22777777777777777 0.03888888888888889 0.03888888888888889 0.06111111111111111 0.03888888888888889 0.027777777777777776 0.03888888888888889 0.027777777777777776 0.027777777777777776 0.027777777777777776 0.027777777777777776 0.06111111111111111 
0.03763440860215054 0.03763440860215054 0.03763440860215054 0.03763440860215054 0.026881720430107527 0.03763440860215054 0.06989247311827956 0.05913978494623656 0.27419354838709675 0.04838709677419355 0.026881720430107527 0.026881720430107527 0.04838709677419355 0.03763440860215054 0.026881720430107527 0.03763440860215054 0.026881720430107527 0.03763440860215054 0.03763440860215054 0.026881720430107527 
0.04591836734693878 0.03571428571428571 0.025510204081632654 0.025510204081632654 0.025510204081632654 0.0663265306122449 0.08673469387755102 0.025510204081632654 0.1989795918367347 0.04591836734693878 0.03571428571428571 0.025510204081632654 0.08673469387755102 0.0663265306122449 0.025510204081632654 0.04591836734693878 0.03571428571428571 0.03571428571428571 0.025510204081632654 0.03571428571428571 
0.024271844660194174 0.024271844660194174 0.024271844660194174 0.03398058252427184 0.03398058252427184 0.03398058252427184 0.24757281553398058 0.03398058252427184 0.2087378640776699 0.06310679611650485 0.024271844660194174 0.024271844660194174 0.024271844660194174 0.024271844660194174 0.024271844660194174 0.024271844660194174 0.024271844660194174 0.03398058252427184 0.043689320388349516 0.024271844660194174 
0.021929824561403508 0.04824561403508772 0.021929824561403508 0.03070175438596491 0.03070175438596491 0.03070175438596491 0.3815789473684211 0.021929824561403508 0.039473684210526314 0.03070175438596491 0.03070175438596491 0.021929824561403508 0.039473684210526314 0.04824561403508772 0.021929824561403508 0.021929824561403508 0.021929824561403508 0.06578947368421052 0.039473684210526314 0.03070175438596491 
0.034722222222222224 0.04861111111111111 0.034722222222222224 0.034722222222222224 0.04861111111111111 0.04861111111111111 0.2152777777777778 0.034722222222222224 0.034722222222222224 0.0625 0.04861111111111111 0.034722222222222224 0.0625 0.034722222222222224 0.034722222222222224 0.034722222222222224 0.034722222222222224 0.034722222222222224 0.04861111111111111 0.034722222222222224 
0.03271028037383177 0.03271028037383177 0.02336448598130841 0.02336448598130841 0.03271028037383177 0.02336448598130841 0.0794392523364486 0.02336448598130841 0.22897196261682243 0.07009345794392523 0.02336448598130841 0.08878504672897196 0.08878504672897196 0.04205607476635514 0.02336448598130841 0.03271028037383177 0.02336448598130841 0.02336448598130841 0.06074766355140187 0.02336448598130841 
0.03365384615384615 0.02403846153846154 0.02403846153846154 0.02403846153846154 0.02403846153846154 0.02403846153846154 0.04326923076923077 0.02403846153846154 0.02403846153846154 0.10096153846153846 0.03365384615384615 0.1201923076923077 0.0625 0.2644230769230769 0.04326923076923077 0.02403846153846154 0.02403846153846154 0.02403846153846154 0.02403846153846154 0.03365384615384615 
0.03431372549019608 0.03431372549019608 0.024509803921568627 0.03431372549019608 0.024509803921568627 0.06372549019607843 0.024509803921568627 0.024509803921568627 0.10294117647058823 0.024509803921568627 0.024509803921568627 0.23039215686274508 0.10294117647058823 0.04411764705882353 0.03431372549019608 0.05392156862745098 0.024509803921568627 0.03431372549019608 0.024509803921568627 0.03431372549019608 
0.032467532467532464 0.07142857142857142 0.032467532467532464 0.045454545454545456 0.05844155844155844 0.045454545454545456 0.09740259740259741 0.032467532467532464 0.032467532467532464 0.07142857142857142 0.032467532467532464 0.045454545454545456 0.045454545454545456 0.032467532467532464 0.05844155844155844 0.045454545454545456 0.032467532467532464 0.045454545454545456 0.09740259740259741 0.045454545454545456 
0.03289473684210526 0.03289473684210526 0.03289473684210526 0.03289473684210526 0.05921052631578947 0.03289473684210526 0.17763157894736842 0.03289473684210526 0.03289473684210526 0.05921052631578947 0.03289473684210526 0.03289473684210526 0.07236842105263158 0.07236842105263158 0.05921052631578947 0.03289473684210526 0.05921052631578947 0.03289473684210526 0.046052631578947366 0.03289473684210526 
0.03676470588235294 0.08088235294117647 0.03676470588235294 0.051470588235294115 0.03676470588235294 0.03676470588235294 0.21323529411764705 0.03676470588235294 0.03676470588235294 0.051470588235294115 0.03676470588235294 0.03676470588235294 0.03676470588235294 0.03676470588235294 0.03676470588235294 0.03676470588235294 0.03676470588235294 0.03676470588235294 0.051470588235294115 0.03676470588235294 
0.046052631578947366 0.05921052631578947 0.03289473684210526 0.046052631578947366 0.05921052631578947 0.046052631578947366 0.20394736842105263 0.05921052631578947 0.03289473684210526 0.046052631578947366 0.03289473684210526 0.046052631578947366 0.03289473684210526 0.03289473684210526 0.03289473684210526 0.046052631578947366 0.03289473684210526 0.046052631578947366 0.03289473684210526 0.03289473684210526 
0.03723404255319149 0.05851063829787234 0.026595744680851064 0.03723404255319149 0.026595744680851064 0.03723404255319149 0.28191489361702127 0.026595744680851064 0.026595744680851064 0.11170212765957446 0.026595744680851064 0.026595744680851064 0.03723404255319149 0.026595744680851064 0.03723404255319149 0.026595744680851064 0.03723404255319149 0.026595744680851064 0.026595744680851064 0.05851063829787234 
0.034653465346534656 0.034653465346534656 0.024752475247524754 0.024752475247524754 0.024752475247524754 0.054455445544554455 0.3118811881188119 0.024752475247524754 0.024752475247524754 0.024752475247524754 0.024752475247524754 0.034653465346534656 0.08415841584158416 0.04455445544554455 0.024752475247524754 0.034653465346534656 0.034653465346534656 0.024752475247524754 0.04455445544554455 0.06435643564356436 
0.024509803921568627 0.024509803921568627 0.024509803921568627 0.06372549019607843 0.024509803921568627 0.03431372549019608 0.3284313725490196 0.024509803921568627 0.024509803921568627 0.04411764705882353 0.024509803921568627 0.03431372549019608 0.07352941176470588 0.024509803921568627 0.03431372549019608 0.024509803921568627 0.03431372549019608 0.04411764705882353 0.04411764705882353 0.04411764705882353 
0.023148148148148147 0.08796296296296297 0.023148148148148147 0.032407407407407406 0.023148148148148147 0.041666666666666664 0.4027777777777778 0.023148148148148147 0.023148148148148147 0.032407407407407406 0.023148148148148147 0.023148148148148147 0.05092592592592592 0.023148148148148147 0.032407407407407406 0.023148148148148147 0.023148148148148147 0.032407407407407406 0.023148148148148147 0.032407407407407406 
0.024509803921568627 0.04411764705882353 0.04411764705882353 0.05392156862745098 0.04411764705882353 0.04411764705882353 0.25 0.024509803921568627 0.024509803921568627 0.05392156862745098 0.03431372549019608 0.024509803921568627 0.03431372549019608 0.04411764705882353 0.03431372549019608 0.03431372549019608 0.04411764705882353 0.03431372549019608 0.024509803921568627 0.08333333333333333 
0.030120481927710843 0.06626506024096386 0.030120481927710843 0.030120481927710843 0.030120481927710843 0.030120481927710843 0.19879518072289157 0.030120481927710843 0.030120481927710843 0.05421686746987952 0.030120481927710843 0.030120481927710843 0.15060240963855423 0.04216867469879518 0.04216867469879518 0.030120481927710843 0.030120481927710843 0.04216867469879518 0.04216867469879518 0.030120481927710843 
0.022727272727272728 0.031818181818181815 0.022727272727272728 0.031818181818181815 0.022727272727272728 0.022727272727272728 0.19545454545454546 0.022727272727272728 0.04090909090909091 0.031818181818181815 0.022727272727272728 0.022727272727272728 0.20454545454545456 0.06818181818181818 0.04090909090909091 0.022727272727272728 0.022727272727272728 0.04090909090909091 0.08636363636363636 0.022727272727272728 
0.05092592592592592 0.032407407407407406 0.023148148148148147 0.023148148148148147 0.041666666666666664 0.023148148148148147 0.22685185185185186 0.023148148148148147 0.041666666666666664 0.032407407407407406 0.032407407407407406 0.023148148148148147 0.18055555555555555 0.06944444444444445 0.041666666666666664 0.023148148148148147 0.023148148148148147 0.023148148148148147 0.032407407407407406 0.032407407407407406 
0.033783783783783786 0.033783783783783786 0.033783783783783786 0.033783783783783786 0.033783783783783786 0.033783783783783786 0.16891891891891891 0.033783783783783786 0.0472972972972973 0.07432432432432433 0.07432432432432433 0.0472972972972973 0.0472972972972973 0.07432432432432433 0.0472972972972973 0.033783783783783786 0.033783783783783786 0.033783783783783786 0.033783783783783786 0.0472972972972973 
0.022123893805309734 0.048672566371681415 0.05752212389380531 0.022123893805309734 0.022123893805309734 0.030973451327433628 0.10176991150442478 0.022123893805309734 0.030973451327433628 0.0752212389380531 0.06637168141592921 0.022123893805309734 0.022123893805309734 0.10176991150442478 0.05752212389380531 0.030973451327433628 0.084070796460177 0.06637168141592921 0.030973451327433628 0.084070796460177 
0.034653465346534656 0.034653465346534656 0.034653465346534656 0.024752475247524754 0.3217821782178218 0.024752475247524754 0.04455445544554455 0.034653465346534656 0.054455445544554455 0.024752475247524754 0.034653465346534656 0.034653465346534656 0.024752475247524754 0.054455445544554455 0.024752475247524754 0.024752475247524754 0.024752475247524754 0.04455445544554455 0.024752475247524754 0.07425742574257425 
0.029411764705882353 0.052941176470588235 0.029411764705882353 0.06470588235294118 0.029411764705882353 0.029411764705882353 0.22941176470588234 0.029411764705882353 0.041176470588235294 0.052941176470588235 0.029411764705882353 0.029411764705882353 0.041176470588235294 0.06470588235294118 0.041176470588235294 0.029411764705882353 0.029411764705882353 0.06470588235294118 0.052941176470588235 0.029411764705882353 
0.019230769230769232 0.06538461538461539 0.019230769230769232 0.057692307692307696 0.04230769230769231 0.05 0.3576923076923077 0.019230769230769232 0.019230769230769232 0.057692307692307696 0.019230769230769232 0.026923076923076925 0.05 0.019230769230769232 0.05 0.026923076923076925 0.019230769230769232 0.019230769230769232 0.026923076923076925 0.03461538461538462 
0.021367521367521368 0.12393162393162394 0.038461538461538464 0.0641025641025641 0.021367521367521368 0.021367521367521368 0.25213675213675213 0.021367521367521368 0.021367521367521368 0.029914529914529916 0.038461538461538464 0.021367521367521368 0.05555555555555555 0.0811965811965812 0.021367521367521368 0.038461538461538464 0.021367521367521368 0.038461538461538464 0.029914529914529916 0.038461538461538464 
0.03125 0.04375 0.04375 0.03125 0.03125 0.03125 0.06875 0.04375 0.04375 0.06875 0.03125 0.03125 0.05625 0.03125 0.23125 0.03125 0.03125 0.05625 0.03125 0.03125 
0.024509803921568627 0.10294117647058823 0.05392156862745098 0.024509803921568627 0.024509803921568627 0.07352941176470588 0.09313725490196079 0.03431372549019608 0.04411764705882353 0.024509803921568627 0.04411764705882353 0.024509803921568627 0.04411764705882353 0.024509803921568627 0.2107843137254902 0.024509803921568627 0.03431372549019608 0.024509803921568627 0.04411764705882353 0.024509803921568627 
0.01968503937007874 0.04330708661417323 0.04330708661417323 0.01968503937007874 0.01968503937007874 0.01968503937007874 0.27165354330708663 0.01968503937007874 0.027559055118110236 0.04330708661417323 0.027559055118110236 0.01968503937007874 0.051181102362204724 0.03543307086614173 0.20078740157480315 0.027559055118110236 0.03543307086614173 0.027559055118110236 0.027559055118110236 0.01968503937007874 
0.02631578947368421 0.02631578947368421 0.03684210526315789 0.02631578947368421 0.02631578947368421 0.04736842105263158 0.02631578947368421 0.03684210526315789 0.03684210526315789 0.03684210526315789 0.02631578947368421 0.03684210526315789 0.07894736842105263 0.05789473684210526 0.2894736842105263 0.03684210526315789 0.05789473684210526 0.02631578947368421 0.03684210526315789 0.02631578947368421 
0.02252252252252252 0.04954954954954955 0.03153153153153153 0.03153153153153153 0.03153153153153153 0.04054054054054054 0.06756756756756757 0.02252252252252252 0.03153153153153153 0.04054054054054054 0.02252252252252252 0.02252252252252252 0.03153153153153153 0.04954954954954955 0.32882882882882886 0.02252252252252252 0.03153153153153153 0.04054054054054054 0.04954954954954955 0.03153153153153153 
0.029411764705882353 0.029411764705882353 0.041176470588235294 0.029411764705882353 0.029411764705882353 0.029411764705882353 0.041176470588235294 0.029411764705882353 0.14705882352941177 0.029411764705882353 0.041176470588235294 0.029411764705882353 0.052941176470588235 0.029411764705882353 0.21764705882352942 0.029411764705882353 0.041176470588235294 0.06470588235294118 0.029411764705882353 0.029411764705882353 
0.02066115702479339 0.07024793388429752 0.0371900826446281 0.02066115702479339 0.07851239669421488 0.0371900826446281 0.128099173553719 0.028925619834710745 0.028925619834710745 0.05371900826446281 0.0371900826446281 0.02066115702479339 0.05371900826446281 0.0371900826446281 0.2024793388429752 0.028925619834710745 0.028925619834710745 0.02066115702479339 0.045454545454545456 0.02066115702479339 
0.02336448598130841 0.04205607476635514 0.03271028037383177 0.04205607476635514 0.02336448598130841 0.06074766355140187 0.1261682242990654 0.02336448598130841 0.03271028037383177 0.06074766355140187 0.03271028037383177 0.03271028037383177 0.03271028037383177 0.0514018691588785 0.06074766355140187 0.03271028037383177 0.03271028037383177 0.1822429906542056 0.04205607476635514 0.03271028037383177 
0.029069767441860465 0.040697674418604654 0.029069767441860465 0.029069767441860465 0.040697674418604654 0.11046511627906977 0.05232558139534884 0.040697674418604654 0.05232558139534884 0.040697674418604654 0.029069767441860465 0.040697674418604654 0.029069767441860465 0.040697674418604654 0.06395348837209303 0.040697674418604654 0.029069767441860465 0.1569767441860465 0.040697674418604654 0.06395348837209303 
0.05416666666666667 0.0875 0.020833333333333332 0.07916666666666666 0.029166666666666667 0.05416666666666667 0.09583333333333334 0.029166666666666667 0.0375 0.029166666666666667 0.020833333333333332 0.020833333333333332 0.020833333333333332 0.0375 0.029166666666666667 0.0375 0.020833333333333332 0.20416666666666666 0.029166666666666667 0.0625 
0.027472527472527472 0.04945054945054945 0.027472527472527472 0.038461538461538464 0.038461538461538464 0.027472527472527472 0.23626373626373626 0.027472527472527472 0.027472527472527472 0.04945054945054945 0.038461538461538464 0.027472527472527472 0.06043956043956044 0.1043956043956044 0.038461538461538464 0.027472527472527472 0.04945054945054945 0.04945054945054945 0.027472527472527472 0.027472527472527472 
0.030120481927710843 0.04216867469879518 0.030120481927710843 0.030120481927710843 0.030120481927710843 0.04216867469879518 0.3072289156626506 0.030120481927710843 0.030120481927710843 0.030120481927710843 0.04216867469879518 0.030120481927710843 0.06626506024096386 0.030120481927710843 0.030120481927710843 0.030120481927710843 0.030120481927710843 0.04216867469879518 0.04216867469879518 0.05421686746987952 
0.028 0.1 0.02 0.028 0.044 0.02 0.38 0.02 0.02 0.084 0.02 0.02 0.044 0.028 0.02 0.02 0.028 0.02 0.02 0.036 
0.023809523809523808 0.04285714285714286 0.03333333333333333 0.03333333333333333 0.03333333333333333 0.023809523809523808 0.35714285714285715 0.023809523809523808 0.03333333333333333 0.04285714285714286 0.023809523809523808 0.023809523809523808 0.05238095238095238 0.03333333333333333 0.03333333333333333 0.03333333333333333 0.023809523809523808 0.06190476190476191 0.023809523809523808 0.04285714285714286 
0.03932584269662921 0.11797752808988764 0.028089887640449437 0.03932584269662921 0.028089887640449437 0.03932584269662921 0.1404494382022472 0.03932584269662921 0.028089887640449437 0.03932584269662921 0.03932584269662921 0.028089887640449437 0.1404494382022472 0.05056179775280899 0.028089887640449437 0.028089887640449437 0.028089887640449437 0.028089887640449437 0.03932584269662921 0.05056179775280899 
0.028735632183908046 0.1206896551724138 0.028735632183908046 0.028735632183908046 0.06321839080459771 0.040229885057471264 0.13218390804597702 0.028735632183908046 0.028735632183908046 0.028735632183908046 0.028735632183908046 0.040229885057471264 0.1896551724137931 0.028735632183908046 0.028735632183908046 0.028735632183908046 0.028735632183908046 0.028735632183908046 0.028735632183908046 0.040229885057471264 
0.022935779816513763 0.06880733944954129 0.022935779816513763 0.03211009174311927 0.022935779816513763 0.05045871559633028 0.26146788990825687 0.022935779816513763 0.03211009174311927 0.03211009174311927 0.05963302752293578 0.05045871559633028 0.06880733944954129 0.022935779816513763 0.05045871559633028 0.03211009174311927 0.022935779816513763 0.022935779816513763 0.05963302752293578 0.04128440366972477 
0.03125 0.05625 0.03125 0.06875 0.04375 0.03125 0.23125 0.03125 0.03125 0.03125 0.03125 0.03125 0.05625 0.04375 0.03125 0.03125 0.03125 0.04375 0.08125 0.03125 
0.023148148148148147 0.11574074074074074 0.023148148148148147 0.05092592592592592 0.041666666666666664 0.09722222222222222 0.2638888888888889 0.023148148148148147 0.023148148148148147 0.032407407407407406 0.023148148148148147 0.041666666666666664 0.06018518518518518 0.023148148148148147 0.023148148148148147 0.023148148148148147 0.023148148148148147 0.032407407407407406 0.032407407407407406 0.023148148148148147 
0.03684210526315789 0.07894736842105263 0.02631578947368421 0.06842105263157895 0.04736842105263158 0.05789473684210526 0.2894736842105263 0.02631578947368421 0.03684210526315789 0.02631578947368421 0.02631578947368421 0.02631578947368421 0.03684210526315789 0.02631578947368421 0.02631578947368421 0.02631578947368421 0.03684210526315789 0.04736842105263158 0.02631578947368421 0.02631578947368421 
0.020161290322580645 0.10887096774193548 0.020161290322580645 0.05241935483870968 0.028225806451612902 0.05241935483870968 0.3024193548387097 0.020161290322580645 0.028225806451612902 0.04435483870967742 0.020161290322580645 0.028225806451612902 0.028225806451612902 0.028225806451612902 0.07661290322580645 0.020161290322580645 0.028225806451612902 0.028225806451612902 0.036290322580645164 0.028225806451612902 
0.023148148148148147 0.041666666666666664 0.05092592592592592 0.041666666666666664 0.041666666666666664 0.023148148148148147 0.22685185185185186 0.032407407407407406 0.023148148148148147 0.09722222222222222 0.041666666666666664 0.032407407407407406 0.032407407407407406 0.032407407407407406 0.06018518518518518 0.032407407407407406 0.05092592592592592 0.032407407407407406 0.041666666666666664 0.041666666666666664 
0.028735632183908046 0.040229885057471264 0.040229885057471264 0.06321839080459771 0.040229885057471264 0.028735632183908046 0.22413793103448276 0.028735632183908046 0.028735632183908046 0.040229885057471264 0.040229885057471264 0.05172413793103448 0.05172413793103448 0.040229885057471264 0.028735632183908046 0.07471264367816093 0.05172413793103448 0.028735632183908046 0.040229885057471264 0.028735632183908046 
0.03535353535353535 0.05555555555555555 0.025252525252525252 0.025252525252525252 0.025252525252525252 0.025252525252525252 0.3181818181818182 0.025252525252525252 0.05555555555555555 0.025252525252525252 0.10606060606060606 0.025252525252525252 0.03535353535353535 0.05555555555555555 0.025252525252525252 0.025252525252525252 0.025252525252525252 0.025252525252525252 0.025252525252525252 0.03535353535353535 
0.03723404255319149 0.047872340425531915 0.047872340425531915 0.047872340425531915 0.06914893617021277 0.03723404255319149 0.22872340425531915 0.03723404255319149 0.026595744680851064 0.05851063829787234 0.03723404255319149 0.047872340425531915 0.05851063829787234 0.026595744680851064 0.026595744680851064 0.026595744680851064 0.026595744680851064 0.047872340425531915 0.03723404255319149 0.026595744680851064 
0.045454545454545456 0.045454545454545456 0.032467532467532464 0.045454545454545456 0.032467532467532464 0.045454545454545456 0.11038961038961038 0.032467532467532464 0.045454545454545456 0.032467532467532464 0.032467532467532464 0.032467532467532464 0.18831168831168832 0.045454545454545456 0.045454545454545456 0.032467532467532464 0.032467532467532464 0.045454545454545456 0.045454545454545456 0.032467532467532464 
0.03932584269662921 0.03932584269662921 0.028089887640449437 0.028089887640449437 0.028089887640449437 0.03932584269662921 0.07303370786516854 0.028089887640449437 0.028089887640449437 0.05056179775280899 0.03932584269662921 0.028089887640449437 0.2303370786516854 0.03932584269662921 0.028089887640449437 0.028089887640449437 0.028089887640449437 0.03932584269662921 0.07303370786516854 0.08426966292134831 
0.01953125 0.01953125 0.01953125 0.02734375 0.03515625 0.05078125 0.08203125 0.01953125 0.02734375 0.02734375 0.05859375 0.02734375 0.25390625 0.05859375 0.06640625 0.01953125 0.01953125 0.05859375 0.02734375 0.08203125 
0.026041666666666668 0.057291666666666664 0.026041666666666668 0.026041666666666668 0.026041666666666668 0.057291666666666664 0.203125 0.026041666666666668 0.026041666666666668 0.078125 0.06770833333333333 0.046875 0.036458333333333336 0.06770833333333333 0.036458333333333336 0.026041666666666668 0.026041666666666668 0.026041666666666668 0.078125 0.036458333333333336 
0.02976190476190476 0.08928571428571429 0.02976190476190476 0.02976190476190476 0.05357142857142857 0.06547619047619048 0.16071428571428573 0.02976190476190476 0.02976190476190476 0.07738095238095238 0.02976190476190476 0.05357142857142857 0.041666666666666664 0.06547619047619048 0.041666666666666664 0.02976190476190476 0.02976190476190476 0.02976190476190476 0.05357142857142857 0.02976190476190476 
0.028089887640449437 0.05056179775280899 0.028089887640449437 0.03932584269662921 0.07303370786516854 0.028089887640449437 0.10674157303370786 0.028089887640449437 0.05056179775280899 0.1404494382022472 0.05056179775280899 0.028089887640449437 0.03932584269662921 0.028089887640449437 0.05056179775280899 0.028089887640449437 0.028089887640449437 0.06179775280898876 0.05056179775280899 0.06179775280898876 
0.030864197530864196 0.05555555555555555 0.030864197530864196 0.030864197530864196 0.030864197530864196 0.030864197530864196 0.2654320987654321 0.030864197530864196 0.043209876543209874 0.05555555555555555 0.030864197530864196 0.030864197530864196 0.08024691358024691 0.030864197530864196 0.043209876543209874 0.030864197530864196 0.043209876543209874 0.030864197530864196 0.030864197530864196 0.043209876543209874 
0.042682926829268296 0.03048780487804878 0.03048780487804878 0.03048780487804878 0.042682926829268296 0.03048780487804878 0.3597560975609756 0.03048780487804878 0.03048780487804878 0.03048780487804878 0.03048780487804878 0.03048780487804878 0.03048780487804878 0.042682926829268296 0.042682926829268296 0.03048780487804878 0.03048780487804878 0.03048780487804878 0.03048780487804878 0.042682926829268296 
0.027777777777777776 0.05 0.027777777777777776 0.06111111111111111 0.06111111111111111 0.05 0.25 0.027777777777777776 0.03888888888888889 0.03888888888888889 0.027777777777777776 0.027777777777777776 0.08333333333333333 0.027777777777777776 0.027777777777777776 0.027777777777777776 0.027777777777777776 0.027777777777777776 0.03888888888888889 0.05 
0.02032520325203252 0.044715447154471545 0.028455284552845527 0.044715447154471545 0.02032520325203252 0.044715447154471545 0.45934959349593496 0.02032520325203252 0.036585365853658534 0.02032520325203252 0.036585365853658534 0.028455284552845527 0.028455284552845527 0.02032520325203252 0.02032520325203252 0.02032520325203252 0.028455284552845527 0.02032520325203252 0.036585365853658534 0.02032520325203252 
0.034653465346534656 0.034653465346534656 0.034653465346534656 0.024752475247524754 0.034653465346534656 0.11386138613861387 0.29207920792079206 0.024752475247524754 0.024752475247524754 0.024752475247524754 0.024752475247524754 0.034653465346534656 0.034653465346534656 0.04455445544554455 0.04455445544554455 0.024752475247524754 0.024752475247524754 0.034653465346534656 0.04455445544554455 0.04455445544554455 
0.052884615384615384 0.08173076923076923 0.02403846153846154 0.03365384615384615 0.03365384615384615 0.03365384615384615 0.32211538461538464 0.02403846153846154 0.04326923076923077 0.03365384615384615 0.02403846153846154 0.02403846153846154 0.03365384615384615 0.03365384615384615 0.052884615384615384 0.03365384615384615 0.02403846153846154 0.02403846153846154 0.03365384615384615 0.03365384615384615 
0.027777777777777776 0.027777777777777776 0.027777777777777776 0.027777777777777776 0.05 0.05 0.2833333333333333 0.027777777777777776 0.03888888888888889 0.05 0.027777777777777776 0.03888888888888889 0.027777777777777776 0.05 0.06111111111111111 0.03888888888888889 0.027777777777777776 0.027777777777777776 0.05 0.03888888888888889 
