0.03365384615384615 0.04326923076923077 0.03365384615384615 0.03365384615384615 0.052884615384615384 0.03365384615384615 0.20673076923076922 0.02403846153846154 0.1201923076923077 0.052884615384615384 0.03365384615384615 0.02403846153846154 0.03365384615384615 0.03365384615384615 0.052884615384615384 0.02403846153846154 0.052884615384615384 0.03365384615384615 0.052884615384615384 0.02403846153846154 
0.036458333333333336 0.057291666666666664 0.026041666666666668 0.078125 0.036458333333333336 0.057291666666666664 0.21354166666666666 0.026041666666666668 0.046875 0.057291666666666664 0.036458333333333336 0.026041666666666668 0.046875 0.057291666666666664 0.026041666666666668 0.026041666666666668 0.026041666666666668 0.026041666666666668 0.036458333333333336 0.057291666666666664 
0.024509803921568627 0.04411764705882353 0.024509803921568627 0.024509803921568627 0.024509803921568627 0.03431372549019608 0.16176470588235295 0.024509803921568627 0.25 0.04411764705882353 0.03431372549019608 0.024509803921568627 0.05392156862745098 0.04411764705882353 0.05392156862745098 0.024509803921568627 0.024509803921568627 0.03431372549019608 0.024509803921568627 0.024509803921568627 
0.028735632183908046 0.05172413793103448 0.028735632183908046 0.09770114942528736 0.040229885057471264 0.05172413793103448 0.14367816091954022 0.040229885057471264 0.08620689655172414 0.028735632183908046 0.05172413793103448 0.028735632183908046 0.028735632183908046 0.08620689655172414 0.028735632183908046 0.040229885057471264 0.028735632183908046 0.05172413793103448 0.028735632183908046 0.028735632183908046 
0.041666666666666664 0.023148148148148147 0.023148148148148147 0.032407407407407406 0.032407407407407406 0.032407407407407406 0.11574074074074074 0.023148148148148147 0.35648148148148145 0.041666666666666664 0.023148148148148147 0.023148148148148147 0.032407407407407406 0.032407407407407406 0.023148148148148147 0.023148148148148147 0.032407407407407406 0.032407407407407406 0.032407407407407406 0.023148148148148147 
0.054878048780487805 0.042682926829268296 0.03048780487804878 0.042682926829268296 0.03048780487804878 0.042682926829268296 0.042682926829268296 0.03048780487804878 0.18902439024390244 0.042682926829268296 0.03048780487804878 0.03048780487804878 0.03048780487804878 0.054878048780487805 0.042682926829268296 0.03048780487804878 0.042682926829268296 0.07926829268292683 0.07926829268292683 0.03048780487804878 
0.054878048780487805 0.042682926829268296 0.03048780487804878 0.042682926829268296 0.03048780487804878 0.03048780487804878 0.03048780487804878 0.03048780487804878 0.17682926829268292 0.06707317073170732 0.03048780487804878 0.03048780487804878 0.03048780487804878 0.06707317073170732 0.03048780487804878 0.054878048780487805 0.10365853658536585 0.03048780487804878 0.042682926829268296 0.042682926829268296 
0.024509803921568627 0.04411764705882353 0.03431372549019608 0.03431372549019608 0.03431372549019608 0.05392156862745098 0.18137254901960784 0.024509803921568627 0.23039215686274508 0.03431372549019608 0.024509803921568627 0.024509803921568627 0.05392156862745098 0.04411764705882353 0.024509803921568627 0.024509803921568627 0.024509803921568627 0.024509803921568627 0.024509803921568627 0.03431372549019608 
0.022321428571428572 0.04017857142857143 0.022321428571428572 0.04017857142857143 0.022321428571428572 0.04017857142857143 0.3705357142857143 0.022321428571428572 0.049107142857142856 0.06696428571428571 0.03125 0.022321428571428572 0.04017857142857143 0.022321428571428572 0.022321428571428572 0.022321428571428572 0.022321428571428572 0.04017857142857143 0.049107142857142856 0.03125 
0.028089887640449437 0.028089887640449437 0.05056179775280899 0.028089887640449437 0.028089887640449437 0.028089887640449437 0.4101123595505618 0.028089887640449437 0.028089887640449437 0.028089887640449437 0.028089887640449437 0.028089887640449437 0.03932584269662921 0.05056179775280899 0.028089887640449437 0.028089887640449437 0.028089887640449437 0.028089887640449437 0.028089887640449437 0.028089887640449437 
0.03435114503816794 0.026717557251908396 0.03435114503816794 0.026717557251908396 0.019083969465648856 0.019083969465648856 0.07251908396946564 0.08778625954198473 0.1946564885496183 0.03435114503816794 0.03435114503816794 0.09541984732824428 0.05725190839694656 0.07251908396946564 0.019083969465648856 0.0648854961832061 0.026717557251908396 0.03435114503816794 0.026717557251908396 0.019083969465648856 
0.029661016949152543 0.029661016949152543 0.029661016949152543 0.038135593220338986 0.029661016949152543 0.0211864406779661 0.038135593220338986 0.2754237288135593 0.046610169491525424 0.0211864406779661 0.029661016949152543 0.07203389830508475 0.029661016949152543 0.13135593220338984 0.0211864406779661 0.038135593220338986 0.0211864406779661 0.038135593220338986 0.0211864406779661 0.038135593220338986 
0.025547445255474453 0.032846715328467155 0.025547445255474453 0.04744525547445255 0.025547445255474453 0.025547445255474453 0.08394160583941605 0.22262773722627738 0.01824817518248175 0.05474452554744526 0.05474452554744526 0.04744525547445255 0.040145985401459854 0.14233576642335766 0.025547445255474453 0.05474452554744526 0.01824817518248175 0.01824817518248175 0.01824817518248175 0.01824817518248175 
0.04017857142857143 0.04017857142857143 0.03125 0.04017857142857143 0.03125 0.03125 0.03125 0.07589285714285714 0.03125 0.022321428571428572 0.049107142857142856 0.14732142857142858 0.10267857142857142 0.11160714285714286 0.03125 0.05803571428571429 0.03125 0.022321428571428572 0.022321428571428572 0.049107142857142856 
0.040229885057471264 0.08620689655172414 0.040229885057471264 0.040229885057471264 0.028735632183908046 0.07471264367816093 0.05172413793103448 0.09770114942528736 0.028735632183908046 0.028735632183908046 0.028735632183908046 0.10919540229885058 0.040229885057471264 0.08620689655172414 0.028735632183908046 0.028735632183908046 0.040229885057471264 0.028735632183908046 0.05172413793103448 0.040229885057471264 
0.036458333333333336 0.057291666666666664 0.026041666666666668 0.046875 0.026041666666666668 0.026041666666666668 0.036458333333333336 0.078125 0.026041666666666668 0.046875 0.026041666666666668 0.09895833333333333 0.057291666666666664 0.21354166666666666 0.026041666666666668 0.026041666666666668 0.026041666666666668 0.026041666666666668 0.057291666666666664 0.036458333333333336 
0.02358490566037736 0.0330188679245283 0.02358490566037736 0.02358490566037736 0.02358490566037736 0.04245283018867924 0.08962264150943396 0.0330188679245283 0.35377358490566035 0.04245283018867924 0.02358490566037736 0.02358490566037736 0.05188679245283019 0.02358490566037736 0.0330188679245283 0.0330188679245283 0.0330188679245283 0.02358490566037736 0.0330188679245283 0.0330188679245283 
0.03515625 0.03515625 0.02734375 0.01953125 0.03515625 0.04296875 0.04296875 0.01953125 0.19140625 0.01953125 0.03515625 0.04296875 0.05078125 0.02734375 0.02734375 0.02734375 0.03515625 0.22265625 0.01953125 0.04296875 
0.07203389830508475 0.046610169491525424 0.0211864406779661 0.0211864406779661 0.046610169491525424 0.0211864406779661 0.08898305084745763 0.0211864406779661 0.24152542372881355 0.038135593220338986 0.0211864406779661 0.0635593220338983 0.08050847457627118 0.0211864406779661 0.029661016949152543 0.0211864406779661 0.0211864406779661 0.029661016949152543 0.038135593220338986 0.05508474576271186 
0.028925619834710745 0.0371900826446281 0.028925619834710745 0.0371900826446281 0.06198347107438017 0.02066115702479339 0.06198347107438017 0.02066115702479339 0.3512396694214876 0.045454545454545456 0.045454545454545456 0.028925619834710745 0.045454545454545456 0.02066115702479339 0.02066115702479339 0.02066115702479339 0.028925619834710745 0.028925619834710745 0.02066115702479339 0.045454545454545456 
0.03431372549019608 0.06372549019607843 0.024509803921568627 0.03431372549019608 0.04411764705882353 0.03431372549019608 0.024509803921568627 0.024509803921568627 0.3284313725490196 0.024509803921568627 0.024509803921568627 0.03431372549019608 0.04411764705882353 0.03431372549019608 0.05392156862745098 0.024509803921568627 0.03431372549019608 0.04411764705882353 0.03431372549019608 0.03431372549019608 
0.025925925925925925 0.04814814814814815 0.025925925925925925 0.018518518518518517 0.07037037037037037 0.025925925925925925 0.025925925925925925 0.025925925925925925 0.1814814814814815 0.1 0.03333333333333333 0.025925925925925925 0.06296296296296296 0.05555555555555555 0.1 0.018518518518518517 0.025925925925925925 0.040740740740740744 0.05555555555555555 0.03333333333333333 
0.022123893805309734 0.06637168141592921 0.030973451327433628 0.022123893805309734 0.030973451327433628 0.03982300884955752 0.030973451327433628 0.022123893805309734 0.28761061946902655 0.09292035398230089 0.03982300884955752 0.030973451327433628 0.022123893805309734 0.030973451327433628 0.048672566371681415 0.022123893805309734 0.022123893805309734 0.022123893805309734 0.06637168141592921 0.048672566371681415 
0.036458333333333336 0.036458333333333336 0.026041666666666668 0.026041666666666668 0.026041666666666668 0.057291666666666664 0.026041666666666668 0.036458333333333336 0.265625 0.026041666666666668 0.046875 0.06770833333333333 0.057291666666666664 0.026041666666666668 0.057291666666666664 0.036458333333333336 0.057291666666666664 0.036458333333333336 0.026041666666666668 0.026041666666666668 
0.03982300884955752 0.030973451327433628 0.022123893805309734 0.05752212389380531 0.09292035398230089 0.022123893805309734 0.05752212389380531 0.030973451327433628 0.15486725663716813 0.03982300884955752 0.05752212389380531 0.03982300884955752 0.03982300884955752 0.030973451327433628 0.048672566371681415 0.022123893805309734 0.030973451327433628 0.022123893805309734 0.030973451327433628 0.12831858407079647 
0.03125 0.022321428571428572 0.03125 0.022321428571428572 0.022321428571428572 0.022321428571428572 0.06696428571428571 0.022321428571428572 0.39732142857142855 0.049107142857142856 0.022321428571428572 0.022321428571428572 0.05803571428571429 0.04017857142857143 0.022321428571428572 0.022321428571428572 0.022321428571428572 0.022321428571428572 0.03125 0.049107142857142856 
0.041353383458646614 0.06390977443609022 0.018796992481203006 0.041353383458646614 0.02631578947368421 0.02631578947368421 0.041353383458646614 0.018796992481203006 0.2669172932330827 0.02631578947368421 0.018796992481203006 0.018796992481203006 0.03383458646616541 0.03383458646616541 0.041353383458646614 0.018796992481203006 0.018796992481203006 0.16165413533834586 0.041353383458646614 0.041353383458646614 
0.029914529914529916 0.029914529914529916 0.021367521367521368 0.08974358974358974 0.029914529914529916 0.07264957264957266 0.038461538461538464 0.021367521367521368 0.2777777777777778 0.029914529914529916 0.021367521367521368 0.0811965811965812 0.038461538461538464 0.04700854700854701 0.029914529914529916 0.038461538461538464 0.021367521367521368 0.021367521367521368 0.029914529914529916 0.029914529914529916 
0.022123893805309734 0.030973451327433628 0.030973451327433628 0.030973451327433628 0.030973451327433628 0.022123893805309734 0.0752212389380531 0.030973451327433628 0.3938053097345133 0.03982300884955752 0.048672566371681415 0.030973451327433628 0.03982300884955752 0.022123893805309734 0.022123893805309734 0.022123893805309734 0.022123893805309734 0.030973451327433628 0.030973451327433628 0.022123893805309734 
0.029411764705882353 0.041176470588235294 0.041176470588235294 0.029411764705882353 0.041176470588235294 0.041176470588235294 0.06470588235294118 0.041176470588235294 0.27647058823529413 0.041176470588235294 0.052941176470588235 0.041176470588235294 0.029411764705882353 0.029411764705882353 0.029411764705882353 0.029411764705882353 0.041176470588235294 0.029411764705882353 0.029411764705882353 0.041176470588235294 
0.023809523809523808 0.1380952380952381 0.04285714285714286 0.07142857142857142 0.023809523809523808 0.023809523809523808 0.023809523809523808 0.023809523809523808 0.22380952380952382 0.06190476190476191 0.023809523809523808 0.023809523809523808 0.04285714285714286 0.023809523809523808 0.03333333333333333 0.03333333333333333 0.023809523809523808 0.04285714285714286 0.07142857142857142 0.023809523809523808 
0.03211009174311927 0.022935779816513763 0.04128440366972477 0.022935779816513763 0.03211009174311927 0.03211009174311927 0.06880733944954129 0.022935779816513763 0.14220183486238533 0.022935779816513763 0.03211009174311927 0.05963302752293578 0.022935779816513763 0.03211009174311927 0.03211009174311927 0.23394495412844038 0.022935779816513763 0.05963302752293578 0.022935779816513763 0.04128440366972477 
0.03164556962025317 0.056962025316455694 0.08227848101265822 0.03164556962025317 0.056962025316455694 0.04430379746835443 0.03164556962025317 0.03164556962025317 0.17088607594936708 0.056962025316455694 0.03164556962025317 0.03164556962025317 0.056962025316455694 0.04430379746835443 0.056962025316455694 0.03164556962025317 0.056962025316455694 0.03164556962025317 0.03164556962025317 0.03164556962025317 
0.025 0.065 0.025 0.045 0.075 0.055 0.035 0.035 0.195 0.025 0.125 0.025 0.045 0.035 0.025 0.035 0.025 0.045 0.025 0.035 
0.03982300884955752 0.05752212389380531 0.022123893805309734 0.03982300884955752 0.03982300884955752 0.030973451327433628 0.12831858407079647 0.022123893805309734 0.3053097345132743 0.03982300884955752 0.022123893805309734 0.022123893805309734 0.022123893805309734 0.03982300884955752 0.022123893805309734 0.030973451327433628 0.022123893805309734 0.030973451327433628 0.022123893805309734 0.03982300884955752 
0.022321428571428572 0.03125 0.022321428571428572 0.03125 0.022321428571428572 0.03125 0.14732142857142858 0.03125 0.35267857142857145 0.05803571428571429 0.022321428571428572 0.022321428571428572 0.04017857142857143 0.022321428571428572 0.022321428571428572 0.022321428571428572 0.022321428571428572 0.022321428571428572 0.03125 0.022321428571428572 
0.03017241379310345 0.03017241379310345 0.021551724137931036 0.021551724137931036 0.021551724137931036 0.03017241379310345 0.10775862068965517 0.021551724137931036 0.24568965517241378 0.05603448275862069 0.03017241379310345 0.04741379310344827 0.05603448275862069 0.021551724137931036 0.021551724137931036 0.03017241379310345 0.03879310344827586 0.05603448275862069 0.07327586206896551 0.03879310344827586 
0.027777777777777776 0.05 0.027777777777777776 0.03888888888888889 0.027777777777777776 0.03888888888888889 0.07222222222222222 0.03888888888888889 0.19444444444444445 0.06111111111111111 0.027777777777777776 0.09444444444444444 0.05 0.027777777777777776 0.027777777777777776 0.03888888888888889 0.027777777777777776 0.03888888888888889 0.03888888888888889 0.05 
0.04838709677419355 0.08064516129032258 0.026881720430107527 0.026881720430107527 0.026881720430107527 0.03763440860215054 0.0913978494623656 0.03763440860215054 0.16666666666666666 0.04838709677419355 0.026881720430107527 0.026881720430107527 0.05913978494623656 0.026881720430107527 0.03763440860215054 0.04838709677419355 0.03763440860215054 0.026881720430107527 0.06989247311827956 0.04838709677419355 
0.04591836734693878 0.05612244897959184 0.03571428571428571 0.025510204081632654 0.025510204081632654 0.0663265306122449 0.07653061224489796 0.025510204081632654 0.20918367346938777 0.05612244897959184 0.025510204081632654 0.025510204081632654 0.03571428571428571 0.04591836734693878 0.04591836734693878 0.03571428571428571 0.025510204081632654 0.03571428571428571 0.05612244897959184 0.04591836734693878 
0.05339805825242718 0.024271844660194174 0.024271844660194174 0.024271844660194174 0.024271844660194174 0.024271844660194174 0.24757281553398058 0.024271844660194174 0.21844660194174756 0.043689320388349516 0.024271844660194174 0.024271844660194174 0.03398058252427184 0.05339805825242718 0.024271844660194174 0.024271844660194174 0.024271844660194174 0.024271844660194174 0.03398058252427184 0.024271844660194174 
0.021929824561403508 0.05701754385964912 0.039473684210526314 0.039473684210526314 0.021929824561403508 0.039473684210526314 0.3201754385964912 0.021929824561403508 0.021929824561403508 0.039473684210526314 0.03070175438596491 0.03070175438596491 0.07456140350877193 0.03070175438596491 0.021929824561403508 0.021929824561403508 0.021929824561403508 0.05701754385964912 0.03070175438596491 0.05701754385964912 
0.034722222222222224 0.034722222222222224 0.034722222222222224 0.034722222222222224 0.04861111111111111 0.034722222222222224 0.2569444444444444 0.034722222222222224 0.034722222222222224 0.0763888888888889 0.034722222222222224 0.034722222222222224 0.04861111111111111 0.04861111111111111 0.034722222222222224 0.034722222222222224 0.034722222222222224 0.034722222222222224 0.034722222222222224 0.034722222222222224 
0.03271028037383177 0.02336448598130841 0.02336448598130841 0.02336448598130841 0.04205607476635514 0.02336448598130841 0.10747663551401869 0.02336448598130841 0.26635514018691586 0.06074766355140187 0.03271028037383177 0.09813084112149532 0.03271028037383177 0.02336448598130841 0.03271028037383177 0.03271028037383177 0.02336448598130841 0.04205607476635514 0.03271028037383177 0.02336448598130841 
0.04326923076923077 0.02403846153846154 0.03365384615384615 0.02403846153846154 0.03365384615384615 0.02403846153846154 0.04326923076923077 0.02403846153846154 0.0625 0.0625 0.04326923076923077 0.10096153846153846 0.052884615384615384 0.24519230769230768 0.04326923076923077 0.02403846153846154 0.02403846153846154 0.03365384615384615 0.02403846153846154 0.03365384615384615 
0.024509803921568627 0.024509803921568627 0.03431372549019608 0.024509803921568627 0.03431372549019608 0.024509803921568627 0.06372549019607843 0.024509803921568627 0.03431372549019608 0.04411764705882353 0.04411764705882353 0.25 0.06372549019607843 0.03431372549019608 0.04411764705882353 0.06372549019607843 0.03431372549019608 0.08333333333333333 0.024509803921568627 0.024509803921568627 
0.032467532467532464 0.08441558441558442 0.032467532467532464 0.032467532467532464 0.08441558441558442 0.05844155844155844 0.11038961038961038 0.032467532467532464 0.032467532467532464 0.045454545454545456 0.05844155844155844 0.045454545454545456 0.045454545454545456 0.08441558441558442 0.032467532467532464 0.032467532467532464 0.032467532467532464 0.045454545454545456 0.032467532467532464 0.045454545454545456 
0.03289473684210526 0.046052631578947366 0.03289473684210526 0.03289473684210526 0.046052631578947366 0.046052631578947366 0.19078947368421054 0.03289473684210526 0.046052631578947366 0.05921052631578947 0.046052631578947366 0.03289473684210526 0.05921052631578947 0.03289473684210526 0.05921052631578947 0.03289473684210526 0.03289473684210526 0.03289473684210526 0.05921052631578947 0.046052631578947366 
0.03676470588235294 0.03676470588235294 0.051470588235294115 0.03676470588235294 0.03676470588235294 0.03676470588235294 0.21323529411764705 0.03676470588235294 0.03676470588235294 0.03676470588235294 0.03676470588235294 0.03676470588235294 0.051470588235294115 0.0661764705882353 0.03676470588235294 0.03676470588235294 0.03676470588235294 0.0661764705882353 0.03676470588235294 0.03676470588235294 
0.03289473684210526 0.046052631578947366 0.03289473684210526 0.07236842105263158 0.03289473684210526 0.05921052631578947 0.19078947368421054 0.03289473684210526 0.046052631578947366 0.05921052631578947 0.03289473684210526 0.03289473684210526 0.046052631578947366 0.03289473684210526 0.03289473684210526 0.03289473684210526 0.03289473684210526 0.07236842105263158 0.03289473684210526 0.046052631578947366 
0.026595744680851064 0.03723404255319149 0.026595744680851064 0.026595744680851064 0.026595744680851064 0.026595744680851064 0.3351063829787234 0.03723404255319149 0.047872340425531915 0.06914893617021277 0.026595744680851064 0.026595744680851064 0.026595744680851064 0.05851063829787234 0.026595744680851064 0.026595744680851064 0.03723404255319149 0.026595744680851064 0.047872340425531915 0.03723404255319149 
0.034653465346534656 0.034653465346534656 0.024752475247524754 0.04455445544554455 0.024752475247524754 0.034653465346534656 0.3811881188118812 0.024752475247524754 0.024752475247524754 0.024752475247524754 0.024752475247524754 0.024752475247524754 0.04455445544554455 0.034653465346534656 0.034653465346534656 0.034653465346534656 0.054455445544554455 0.034653465346534656 0.034653465346534656 0.024752475247524754 
0.03431372549019608 0.04411764705882353 0.024509803921568627 0.07352941176470588 0.03431372549019608 0.04411764705882353 0.27941176470588236 0.024509803921568627 0.03431372549019608 0.03431372549019608 0.024509803921568627 0.03431372549019608 0.07352941176470588 0.03431372549019608 0.04411764705882353 0.024509803921568627 0.024509803921568627 0.024509803921568627 0.03431372549019608 0.05392156862745098 
0.023148148148148147 0.05092592592592592 0.023148148148148147 0.05092592592592592 0.023148148148148147 0.032407407407407406 0.41203703703703703 0.023148148148148147 0.023148148148148147 0.06018518518518518 0.032407407407407406 0.023148148148148147 0.032407407407407406 0.041666666666666664 0.023148148148148147 0.023148148148148147 0.023148148148148147 0.023148148148148147 0.032407407407407406 0.023148148148148147 
0.03431372549019608 0.024509803921568627 0.03431372549019608 0.05392156862745098 0.03431372549019608 0.03431372549019608 0.18137254901960784 0.024509803921568627 0.024509803921568627 0.10294117647058823 0.03431372549019608 0.03431372549019608 0.05392156862745098 0.05392156862745098 0.06372549019607843 0.024509803921568627 0.04411764705882353 0.024509803921568627 0.05392156862745098 0.06372549019607843 
0.04216867469879518 0.030120481927710843 0.030120481927710843 0.05421686746987952 0.05421686746987952 0.030120481927710843 0.1746987951807229 0.030120481927710843 0.030120481927710843 0.030120481927710843 0.030120481927710843 0.030120481927710843 0.15060240963855423 0.06626506024096386 0.04216867469879518 0.04216867469879518 0.030120481927710843 0.030120481927710843 0.04216867469879518 0.030120481927710843 
0.031818181818181815 0.022727272727272728 0.022727272727272728 0.031818181818181815 0.04090909090909091 0.05 0.16818181818181818 0.022727272727272728 0.022727272727272728 0.022727272727272728 0.022727272727272728 0.04090909090909091 0.20454545454545456 0.07727272727272727 0.04090909090909091 0.022727272727272728 0.031818181818181815 0.022727272727272728 0.07727272727272727 0.022727272727272728 
0.041666666666666664 0.023148148148148147 0.023148148148148147 0.032407407407407406 0.032407407407407406 0.032407407407407406 0.18055555555555555 0.023148148148148147 0.023148148148148147 0.041666666666666664 0.0787037037037037 0.023148148148148147 0.20833333333333334 0.06018518518518518 0.032407407407407406 0.023148148148148147 0.023148148148148147 0.023148148148148147 0.032407407407407406 0.041666666666666664 
0.0472972972972973 0.033783783783783786 0.033783783783783786 0.033783783783783786 0.0472972972972973 0.033783783783783786 0.1554054054054054 0.033783783783783786 0.033783783783783786 0.0472972972972973 0.0472972972972973 0.033783783783783786 0.060810810810810814 0.0472972972972973 0.07432432432432433 0.033783783783783786 0.033783783783783786 0.033783783783783786 0.0472972972972973 0.08783783783783784 
0.030973451327433628 0.05752212389380531 0.022123893805309734 0.048672566371681415 0.030973451327433628 0.030973451327433628 0.09292035398230089 0.022123893805309734 0.06637168141592921 0.05752212389380531 0.05752212389380531 0.03982300884955752 0.030973451327433628 0.030973451327433628 0.09292035398230089 0.048672566371681415 0.06637168141592921 0.06637168141592921 0.030973451327433628 0.0752212389380531 
0.024752475247524754 0.034653465346534656 0.024752475247524754 0.024752475247524754 0.29207920792079206 0.034653465346534656 0.07425742574257425 0.024752475247524754 0.04455445544554455 0.034653465346534656 0.06435643564356436 0.024752475247524754 0.024752475247524754 0.054455445544554455 0.024752475247524754 0.024752475247524754 0.024752475247524754 0.034653465346534656 0.024752475247524754 0.08415841584158416 
0.029411764705882353 0.041176470588235294 0.029411764705882353 0.06470588235294118 0.029411764705882353 0.052941176470588235 0.20588235294117646 0.041176470588235294 0.052941176470588235 0.06470588235294118 0.029411764705882353 0.029411764705882353 0.041176470588235294 0.06470588235294118 0.052941176470588235 0.029411764705882353 0.041176470588235294 0.029411764705882353 0.029411764705882353 0.041176470588235294 
0.026923076923076925 0.03461538461538462 0.019230769230769232 0.057692307692307696 0.057692307692307696 0.019230769230769232 0.36538461538461536 0.019230769230769232 0.019230769230769232 0.07307692307692308 0.04230769230769231 0.019230769230769232 0.03461538461538462 0.05 0.026923076923076925 0.03461538461538462 0.026923076923076925 0.019230769230769232 0.019230769230769232 0.03461538461538462 
0.021367521367521368 0.09829059829059829 0.04700854700854701 0.07264957264957266 0.021367521367521368 0.021367521367521368 0.25213675213675213 0.021367521367521368 0.029914529914529916 0.04700854700854701 0.07264957264957266 0.021367521367521368 0.021367521367521368 0.05555555555555555 0.021367521367521368 0.05555555555555555 0.021367521367521368 0.029914529914529916 0.029914529914529916 0.038461538461538464 
0.04375 0.04375 0.05625 0.03125 0.04375 0.03125 0.08125 0.03125 0.03125 0.04375 0.03125 0.03125 0.04375 0.05625 0.24375 0.03125 0.03125 0.03125 0.03125 0.03125 
0.04411764705882353 0.05392156862745098 0.03431372549019608 0.03431372549019608 0.07352941176470588 0.04411764705882353 0.08333333333333333 0.024509803921568627 0.03431372549019608 0.07352941176470588 0.03431372549019608 0.03431372549019608 0.03431372549019608 0.04411764705882353 0.2107843137254902 0.03431372549019608 0.024509803921568627 0.024509803921568627 0.03431372549019608 0.024509803921568627 
0.01968503937007874 0.027559055118110236 0.027559055118110236 0.027559055118110236 0.01968503937007874 0.027559055118110236 0.27165354330708663 0.01968503937007874 0.05905511811023622 0.051181102362204724 0.01968503937007874 0.01968503937007874 0.04330708661417323 0.027559055118110236 0.20866141732283464 0.03543307086614173 0.027559055118110236 0.01968503937007874 0.027559055118110236 0.01968503937007874 
0.02631578947368421 0.02631578947368421 0.04736842105263158 0.03684210526315789 0.02631578947368421 0.04736842105263158 0.02631578947368421 0.03684210526315789 0.05789473684210526 0.02631578947368421 0.04736842105263158 0.02631578947368421 0.04736842105263158 0.05789473684210526 0.2789473684210526 0.02631578947368421 0.06842105263157895 0.02631578947368421 0.03684210526315789 0.02631578947368421 
0.02252252252252252 0.04054054054054054 0.03153153153153153 0.04054054054054054 0.04054054054054054 0.03153153153153153 0.05855855855855856 0.02252252252252252 0.07657657657657657 0.04954954954954955 0.03153153153153153 0.02252252252252252 0.03153153153153153 0.08558558558558559 0.26576576576576577 0.03153153153153153 0.03153153153153153 0.02252252252252252 0.02252252252252252 0.04054054054054054 
0.029411764705882353 0.041176470588235294 0.041176470588235294 0.029411764705882353 0.029411764705882353 0.029411764705882353 0.041176470588235294 0.029411764705882353 0.13529411764705881 0.029411764705882353 0.041176470588235294 0.029411764705882353 0.041176470588235294 0.029411764705882353 0.2411764705882353 0.029411764705882353 0.029411764705882353 0.052941176470588235 0.041176470588235294 0.029411764705882353 
0.028925619834710745 0.0371900826446281 0.028925619834710745 0.045454545454545456 0.02066115702479339 0.0371900826446281 0.15289256198347106 0.028925619834710745 0.0371900826446281 0.07851239669421488 0.02066115702479339 0.02066115702479339 0.0371900826446281 0.06198347107438017 0.22727272727272727 0.02066115702479339 0.02066115702479339 0.02066115702479339 0.045454545454545456 0.028925619834710745 
0.06074766355140187 0.02336448598130841 0.06074766355140187 0.03271028037383177 0.0514018691588785 0.0514018691588785 0.1261682242990654 0.03271028037383177 0.06074766355140187 0.03271028037383177 0.04205607476635514 0.02336448598130841 0.04205607476635514 0.03271028037383177 0.06074766355140187 0.02336448598130841 0.02336448598130841 0.1542056074766355 0.02336448598130841 0.04205607476635514 
0.040697674418604654 0.029069767441860465 0.029069767441860465 0.040697674418604654 0.05232558139534884 0.029069767441860465 0.06395348837209303 0.029069767441860465 0.0872093023255814 0.040697674418604654 0.029069767441860465 0.029069767441860465 0.029069767441860465 0.040697674418604654 0.0755813953488372 0.05232558139534884 0.029069767441860465 0.12209302325581395 0.029069767441860465 0.12209302325581395 
0.0375 0.10416666666666667 0.029166666666666667 0.04583333333333333 0.020833333333333332 0.0625 0.09583333333333334 0.020833333333333332 0.09583333333333334 0.0375 0.04583333333333333 0.020833333333333332 0.029166666666666667 0.029166666666666667 0.0625 0.029166666666666667 0.029166666666666667 0.10416666666666667 0.0375 0.0625 
0.038461538461538464 0.038461538461538464 0.027472527472527472 0.038461538461538464 0.038461538461538464 0.027472527472527472 0.21428571428571427 0.027472527472527472 0.027472527472527472 0.038461538461538464 0.04945054945054945 0.027472527472527472 0.09340659340659341 0.04945054945054945 0.04945054945054945 0.027472527472527472 0.04945054945054945 0.04945054945054945 0.027472527472527472 0.06043956043956044 
0.030120481927710843 0.030120481927710843 0.030120481927710843 0.030120481927710843 0.030120481927710843 0.030120481927710843 0.28313253012048195 0.030120481927710843 0.05421686746987952 0.05421686746987952 0.030120481927710843 0.030120481927710843 0.04216867469879518 0.030120481927710843 0.030120481927710843 0.05421686746987952 0.030120481927710843 0.04216867469879518 0.04216867469879518 0.06626506024096386 
0.02 0.084 0.02 0.028 0.02 0.02 0.332 0.02 0.02 0.076 0.028 0.02 0.076 0.068 0.02 0.02 0.036 0.028 0.036 0.028 
0.03333333333333333 0.06190476190476191 0.03333333333333333 0.023809523809523808 0.03333333333333333 0.023809523809523808 0.30952380952380953 0.023809523809523808 0.04285714285714286 0.03333333333333333 0.06190476190476191 0.023809523809523808 0.05238095238095238 0.03333333333333333 0.03333333333333333 0.03333333333333333 0.023809523809523808 0.023809523809523808 0.023809523809523808 0.07142857142857142 
0.028089887640449437 0.05056179775280899 0.028089887640449437 0.06179775280898876 0.028089887640449437 0.05056179775280899 0.19662921348314608 0.028089887640449437 0.03932584269662921 0.05056179775280899 0.028089887640449437 0.028089887640449437 0.11797752808988764 0.03932584269662921 0.03932584269662921 0.028089887640449437 0.028089887640449437 0.028089887640449437 0.05056179775280899 0.05056179775280899 
0.028735632183908046 0.06321839080459771 0.028735632183908046 0.040229885057471264 0.05172413793103448 0.06321839080459771 0.1896551724137931 0.028735632183908046 0.028735632183908046 0.028735632183908046 0.040229885057471264 0.028735632183908046 0.10919540229885058 0.028735632183908046 0.07471264367816093 0.028735632183908046 0.028735632183908046 0.028735632183908046 0.040229885057471264 0.040229885057471264 
0.03211009174311927 0.03211009174311927 0.022935779816513763 0.04128440366972477 0.04128440366972477 0.03211009174311927 0.2798165137614679 0.022935779816513763 0.03211009174311927 0.04128440366972477 0.04128440366972477 0.03211009174311927 0.0779816513761468 0.03211009174311927 0.0871559633027523 0.022935779816513763 0.022935779816513763 0.022935779816513763 0.022935779816513763 0.05963302752293578 
0.03125 0.09375 0.04375 0.05625 0.03125 0.03125 0.24375 0.03125 0.03125 0.03125 0.03125 0.03125 0.05625 0.04375 0.03125 0.03125 0.03125 0.04375 0.04375 0.03125 
0.032407407407407406 0.1527777777777778 0.023148148148148147 0.032407407407407406 0.032407407407407406 0.023148148148148147 0.25462962962962965 0.023148148148148147 0.041666666666666664 0.041666666666666664 0.032407407407407406 0.023148148148148147 0.05092592592592592 0.032407407407407406 0.032407407407407406 0.032407407407407406 0.023148148148148147 0.023148148148148147 0.06018518518518518 0.032407407407407406 
0.02631578947368421 0.07894736842105263 0.02631578947368421 0.05789473684210526 0.02631578947368421 0.03684210526315789 0.3 0.02631578947368421 0.03684210526315789 0.02631578947368421 0.05789473684210526 0.02631578947368421 0.04736842105263158 0.02631578947368421 0.02631578947368421 0.02631578947368421 0.04736842105263158 0.03684210526315789 0.03684210526315789 0.02631578947368421 
0.020161290322580645 0.06854838709677419 0.020161290322580645 0.06048387096774194 0.07661290322580645 0.036290322580645164 0.3185483870967742 0.020161290322580645 0.04435483870967742 0.036290322580645164 0.036290322580645164 0.020161290322580645 0.028225806451612902 0.036290322580645164 0.036290322580645164 0.020161290322580645 0.020161290322580645 0.036290322580645164 0.04435483870967742 0.020161290322580645 
0.023148148148148147 0.032407407407407406 0.05092592592592592 0.023148148148148147 0.08796296296296297 0.032407407407407406 0.18981481481481483 0.023148148148148147 0.023148148148148147 0.13425925925925927 0.032407407407407406 0.041666666666666664 0.023148148148148147 0.032407407407407406 0.06018518518518518 0.032407407407407406 0.041666666666666664 0.032407407407407406 0.041666666666666664 0.041666666666666664 
0.040229885057471264 0.040229885057471264 0.028735632183908046 0.028735632183908046 0.06321839080459771 0.028735632183908046 0.2471264367816092 0.028735632183908046 0.028735632183908046 0.028735632183908046 0.040229885057471264 0.05172413793103448 0.07471264367816093 0.040229885057471264 0.028735632183908046 0.040229885057471264 0.028735632183908046 0.028735632183908046 0.05172413793103448 0.05172413793103448 
0.025252525252525252 0.045454545454545456 0.025252525252525252 0.025252525252525252 0.025252525252525252 0.045454545454545456 0.3282828282828283 0.025252525252525252 0.025252525252525252 0.05555555555555555 0.07575757575757576 0.03535353535353535 0.03535353535353535 0.045454545454545456 0.025252525252525252 0.03535353535353535 0.03535353535353535 0.025252525252525252 0.03535353535353535 0.025252525252525252 
0.047872340425531915 0.026595744680851064 0.026595744680851064 0.047872340425531915 0.047872340425531915 0.03723404255319149 0.18617021276595744 0.03723404255319149 0.026595744680851064 0.03723404255319149 0.0797872340425532 0.026595744680851064 0.0797872340425532 0.09042553191489362 0.047872340425531915 0.03723404255319149 0.026595744680851064 0.026595744680851064 0.03723404255319149 0.026595744680851064 
0.05844155844155844 0.032467532467532464 0.032467532467532464 0.045454545454545456 0.07142857142857142 0.045454545454545456 0.12337662337662338 0.032467532467532464 0.032467532467532464 0.032467532467532464 0.045454545454545456 0.032467532467532464 0.12337662337662338 0.07142857142857142 0.032467532467532464 0.045454545454545456 0.032467532467532464 0.032467532467532464 0.045454545454545456 0.032467532467532464 
0.06179775280898876 0.03932584269662921 0.03932584269662921 0.08426966292134831 0.06179775280898876 0.03932584269662921 0.07303370786516854 0.028089887640449437 0.028089887640449437 0.05056179775280899 0.028089887640449437 0.028089887640449437 0.16292134831460675 0.028089887640449437 0.03932584269662921 0.028089887640449437 0.028089887640449437 0.03932584269662921 0.05056179775280899 0.06179775280898876 
0.04296875 0.04296875 0.01953125 0.03515625 0.02734375 0.03515625 0.11328125 0.01953125 0.05078125 0.05078125 0.02734375 0.04296875 0.19921875 0.02734375 0.05078125 0.02734375 0.02734375 0.01953125 0.04296875 0.09765625 
0.026041666666666668 0.036458333333333336 0.06770833333333333 0.046875 0.046875 0.06770833333333333 0.18229166666666666 0.026041666666666668 0.057291666666666664 0.046875 0.06770833333333333 0.036458333333333336 0.057291666666666664 0.036458333333333336 0.036458333333333336 0.026041666666666668 0.036458333333333336 0.026041666666666668 0.046875 0.026041666666666668 
0.02976190476190476 0.06547619047619048 0.02976190476190476 0.06547619047619048 0.041666666666666664 0.041666666666666664 0.18452380952380953 0.02976190476190476 0.05357142857142857 0.07738095238095238 0.05357142857142857 0.041666666666666664 0.02976190476190476 0.041666666666666664 0.041666666666666664 0.02976190476190476 0.02976190476190476 0.02976190476190476 0.05357142857142857 0.02976190476190476 
0.028089887640449437 0.028089887640449437 0.028089887640449437 0.05056179775280899 0.028089887640449437 0.05056179775280899 0.15168539325842698 0.03932584269662921 0.03932584269662921 0.12921348314606743 0.05056179775280899 0.03932584269662921 0.028089887640449437 0.028089887640449437 0.03932584269662921 0.03932584269662921 0.028089887640449437 0.07303370786516854 0.03932584269662921 0.06179775280898876 
0.030864197530864196 0.043209876543209874 0.030864197530864196 0.030864197530864196 0.043209876543209874 0.030864197530864196 0.29012345679012347 0.030864197530864196 0.043209876543209874 0.043209876543209874 0.030864197530864196 0.030864197530864196 0.05555555555555555 0.043209876543209874 0.030864197530864196 0.030864197530864196 0.030864197530864196 0.043209876543209874 0.030864197530864196 0.05555555555555555 
0.042682926829268296 0.03048780487804878 0.03048780487804878 0.042682926829268296 0.03048780487804878 0.03048780487804878 0.3475609756097561 0.03048780487804878 0.03048780487804878 0.054878048780487805 0.03048780487804878 0.03048780487804878 0.042682926829268296 0.03048780487804878 0.03048780487804878 0.03048780487804878 0.03048780487804878 0.03048780487804878 0.042682926829268296 0.03048780487804878 
0.06111111111111111 0.03888888888888889 0.027777777777777776 0.08333333333333333 0.07222222222222222 0.03888888888888889 0.21666666666666667 0.027777777777777776 0.03888888888888889 0.05 0.05 0.027777777777777776 0.06111111111111111 0.027777777777777776 0.027777777777777776 0.027777777777777776 0.027777777777777776 0.027777777777777776 0.027777777777777776 0.03888888888888889 
0.036585365853658534 0.028455284552845527 0.02032520325203252 0.044715447154471545 0.028455284552845527 0.044715447154471545 0.4349593495934959 0.02032520325203252 0.036585365853658534 0.036585365853658534 0.02032520325203252 0.02032520325203252 0.044715447154471545 0.028455284552845527 0.02032520325203252 0.028455284552845527 0.028455284552845527 0.02032520325203252 0.028455284552845527 0.028455284552845527 
0.024752475247524754 0.054455445544554455 0.024752475247524754 0.034653465346534656 0.04455445544554455 0.10396039603960396 0.30198019801980197 0.024752475247524754 0.024752475247524754 0.024752475247524754 0.024752475247524754 0.024752475247524754 0.04455445544554455 0.024752475247524754 0.034653465346534656 0.024752475247524754 0.034653465346534656 0.024752475247524754 0.04455445544554455 0.054455445544554455 
0.052884615384615384 0.03365384615384615 0.02403846153846154 0.0625 0.02403846153846154 0.052884615384615384 0.30288461538461536 0.02403846153846154 0.03365384615384615 0.03365384615384615 0.052884615384615384 0.0625 0.03365384615384615 0.02403846153846154 0.04326923076923077 0.03365384615384615 0.02403846153846154 0.02403846153846154 0.03365384615384615 0.02403846153846154 
0.027777777777777776 0.06111111111111111 0.027777777777777776 0.05 0.027777777777777776 0.06111111111111111 0.29444444444444445 0.027777777777777776 0.07222222222222222 0.03888888888888889 0.03888888888888889 0.027777777777777776 0.027777777777777776 0.027777777777777776 0.03888888888888889 0.027777777777777776 0.027777777777777776 0.027777777777777776 0.03888888888888889 0.027777777777777776 
