0.057692307692307696 0.06538461538461539 0.057692307692307696 0.08076923076923077 0.04230769230769231 0.026923076923076925 0.03461538461538462 0.026923076923076925 0.05 0.026923076923076925 0.12692307692307692 0.057692307692307696 0.08076923076923077 0.057692307692307696 0.019230769230769232 0.06538461538461539 0.019230769230769232 0.03461538461538462 0.03461538461538462 0.03461538461538462 
0.0546218487394958 0.037815126050420166 0.07142857142857142 0.07983193277310924 0.02100840336134454 0.029411764705882353 0.06302521008403361 0.029411764705882353 0.0546218487394958 0.037815126050420166 0.07983193277310924 0.0546218487394958 0.09663865546218488 0.02100840336134454 0.029411764705882353 0.06302521008403361 0.08823529411764706 0.037815126050420166 0.02100840336134454 0.029411764705882353 
0.0871559633027523 0.05963302752293578 0.0779816513761468 0.0779816513761468 0.022935779816513763 0.04128440366972477 0.03211009174311927 0.04128440366972477 0.03211009174311927 0.04128440366972477 0.0779816513761468 0.05045871559633028 0.06880733944954129 0.05045871559633028 0.03211009174311927 0.03211009174311927 0.05045871559633028 0.04128440366972477 0.04128440366972477 0.04128440366972477 
0.052884615384615384 0.02403846153846154 0.04326923076923077 0.04326923076923077 0.03365384615384615 0.02403846153846154 0.0625 0.02403846153846154 0.04326923076923077 0.0625 0.08173076923076923 0.10096153846153846 0.10096153846153846 0.02403846153846154 0.0625 0.04326923076923077 0.0625 0.02403846153846154 0.0625 0.02403846153846154 
0.06944444444444445 0.05092592592592592 0.041666666666666664 0.05092592592592592 0.023148148148148147 0.0787037037037037 0.032407407407407406 0.05092592592592592 0.032407407407407406 0.032407407407407406 0.08796296296296297 0.041666666666666664 0.05092592592592592 0.05092592592592592 0.023148148148148147 0.18055555555555555 0.023148148148148147 0.023148148148148147 0.032407407407407406 0.023148148148148147 
0.0979381443298969 0.05670103092783505 0.02577319587628866 0.05670103092783505 0.02577319587628866 0.06701030927835051 0.02577319587628866 0.03608247422680412 0.05670103092783505 0.05670103092783505 0.03608247422680412 0.04639175257731959 0.04639175257731959 0.03608247422680412 0.02577319587628866 0.13917525773195877 0.03608247422680412 0.02577319587628866 0.06701030927835051 0.03608247422680412 
0.024509803921568627 0.05392156862745098 0.06372549019607843 0.05392156862745098 0.03431372549019608 0.04411764705882353 0.03431372549019608 0.04411764705882353 0.03431372549019608 0.024509803921568627 0.024509803921568627 0.08333333333333333 0.05392156862745098 0.06372549019607843 0.03431372549019608 0.15196078431372548 0.03431372549019608 0.04411764705882353 0.07352941176470588 0.024509803921568627 
0.02631578947368421 0.02631578947368421 0.04736842105263158 0.08947368421052632 0.02631578947368421 0.04736842105263158 0.04736842105263158 0.02631578947368421 0.02631578947368421 0.06842105263157895 0.18421052631578946 0.02631578947368421 0.08947368421052632 0.03684210526315789 0.03684210526315789 0.03684210526315789 0.03684210526315789 0.04736842105263158 0.03684210526315789 0.03684210526315789 
0.03365384615384615 0.02403846153846154 0.09134615384615384 0.052884615384615384 0.03365384615384615 0.03365384615384615 0.04326923076923077 0.02403846153846154 0.02403846153846154 0.10096153846153846 0.10096153846153846 0.04326923076923077 0.04326923076923077 0.07211538461538461 0.02403846153846154 0.0625 0.02403846153846154 0.0625 0.0625 0.04326923076923077 
0.0625 0.034722222222222224 0.034722222222222224 0.04861111111111111 0.034722222222222224 0.034722222222222224 0.0625 0.034722222222222224 0.034722222222222224 0.0625 0.11805555555555555 0.0763888888888889 0.034722222222222224 0.04861111111111111 0.04861111111111111 0.0625 0.034722222222222224 0.04861111111111111 0.04861111111111111 0.034722222222222224 
0.04421768707482993 0.07142857142857142 0.023809523809523808 0.08503401360544217 0.03741496598639456 0.017006802721088437 0.023809523809523808 0.04421768707482993 0.13945578231292516 0.05102040816326531 0.030612244897959183 0.017006802721088437 0.07142857142857142 0.05102040816326531 0.03741496598639456 0.017006802721088437 0.06462585034013606 0.07142857142857142 0.05782312925170068 0.04421768707482993 
0.03543307086614173 0.03543307086614173 0.08267716535433071 0.027559055118110236 0.027559055118110236 0.05905511811023622 0.01968503937007874 0.01968503937007874 0.06692913385826772 0.051181102362204724 0.05905511811023622 0.051181102362204724 0.051181102362204724 0.01968503937007874 0.03543307086614173 0.07480314960629922 0.07480314960629922 0.07480314960629922 0.051181102362204724 0.08267716535433071 
0.023333333333333334 0.056666666666666664 0.056666666666666664 0.043333333333333335 0.03666666666666667 0.016666666666666666 0.043333333333333335 0.03 0.14333333333333334 0.05 0.023333333333333334 0.056666666666666664 0.13666666666666666 0.06333333333333334 0.03 0.056666666666666664 0.05 0.023333333333333334 0.016666666666666666 0.043333333333333335 
0.030405405405405407 0.057432432432432436 0.05067567567567568 0.05067567567567568 0.02364864864864865 0.030405405405405407 0.02364864864864865 0.030405405405405407 0.13175675675675674 0.07094594594594594 0.057432432432432436 0.016891891891891893 0.09797297297297297 0.02364864864864865 0.057432432432432436 0.05067567567567568 0.05067567567567568 0.057432432432432436 0.05067567567567568 0.037162162162162164 
0.039473684210526314 0.04824561403508772 0.04824561403508772 0.04824561403508772 0.03070175438596491 0.021929824561403508 0.03070175438596491 0.03070175438596491 0.12719298245614036 0.06578947368421052 0.04824561403508772 0.03070175438596491 0.07456140350877193 0.021929824561403508 0.021929824561403508 0.08333333333333333 0.04824561403508772 0.10964912280701754 0.03070175438596491 0.039473684210526314 
0.01937984496124031 0.050387596899224806 0.07364341085271318 0.050387596899224806 0.01937984496124031 0.050387596899224806 0.04263565891472868 0.027131782945736434 0.13565891472868216 0.07364341085271318 0.027131782945736434 0.01937984496124031 0.06589147286821706 0.06589147286821706 0.03488372093023256 0.027131782945736434 0.07364341085271318 0.05813953488372093 0.027131782945736434 0.05813953488372093 
0.04736842105263158 0.02631578947368421 0.05789473684210526 0.03684210526315789 0.02631578947368421 0.1 0.02631578947368421 0.04736842105263158 0.04736842105263158 0.03684210526315789 0.03684210526315789 0.03684210526315789 0.05789473684210526 0.03684210526315789 0.03684210526315789 0.19473684210526315 0.02631578947368421 0.03684210526315789 0.05789473684210526 0.02631578947368421 
0.06302521008403361 0.029411764705882353 0.037815126050420166 0.029411764705882353 0.046218487394957986 0.037815126050420166 0.046218487394957986 0.046218487394957986 0.0546218487394958 0.0546218487394958 0.029411764705882353 0.029411764705882353 0.029411764705882353 0.09663865546218488 0.046218487394957986 0.15546218487394958 0.037815126050420166 0.0546218487394958 0.046218487394957986 0.029411764705882353 
0.022123893805309734 0.030973451327433628 0.048672566371681415 0.022123893805309734 0.03982300884955752 0.0752212389380531 0.03982300884955752 0.05752212389380531 0.030973451327433628 0.022123893805309734 0.084070796460177 0.022123893805309734 0.0752212389380531 0.084070796460177 0.022123893805309734 0.15486725663716813 0.022123893805309734 0.030973451327433628 0.084070796460177 0.030973451327433628 
0.042483660130718956 0.06209150326797386 0.049019607843137254 0.05555555555555555 0.02287581699346405 0.16666666666666666 0.02287581699346405 0.029411764705882353 0.016339869281045753 0.042483660130718956 0.016339869281045753 0.042483660130718956 0.05555555555555555 0.03594771241830065 0.12091503267973856 0.06862745098039216 0.07516339869281045 0.02287581699346405 0.016339869281045753 0.03594771241830065 
0.023809523809523808 0.03741496598639456 0.030612244897959183 0.08503401360544217 0.04421768707482993 0.17346938775510204 0.05102040816326531 0.023809523809523808 0.03741496598639456 0.017006802721088437 0.03741496598639456 0.023809523809523808 0.04421768707482993 0.017006802721088437 0.06462585034013606 0.13945578231292516 0.04421768707482993 0.030612244897959183 0.05782312925170068 0.017006802721088437 
0.036312849162011177 0.05865921787709497 0.05865921787709497 0.08659217877094973 0.013966480446927373 0.19832402234636873 0.04189944134078212 0.013966480446927373 0.019553072625698324 0.025139664804469275 0.04748603351955307 0.025139664804469275 0.04748603351955307 0.05865921787709497 0.036312849162011177 0.13128491620111732 0.013966480446927373 0.013966480446927373 0.04189944134078212 0.030726256983240222 
0.020833333333333332 0.026785714285714284 0.0744047619047619 0.05654761904761905 0.026785714285714284 0.19940476190476192 0.020833333333333332 0.020833333333333332 0.026785714285714284 0.08630952380952381 0.01488095238095238 0.05654761904761905 0.03273809523809524 0.020833333333333332 0.044642857142857144 0.15773809523809523 0.020833333333333332 0.020833333333333332 0.03869047619047619 0.03273809523809524 
0.028 0.028 0.036 0.076 0.076 0.196 0.02 0.036 0.044 0.068 0.028 0.028 0.02 0.02 0.092 0.084 0.044 0.02 0.028 0.028 
0.05859375 0.02734375 0.10546875 0.05078125 0.01953125 0.19140625 0.01953125 0.01953125 0.02734375 0.03515625 0.03515625 0.02734375 0.06640625 0.04296875 0.04296875 0.10546875 0.01953125 0.04296875 0.01953125 0.04296875 
0.021929824561403508 0.021929824561403508 0.03070175438596491 0.08333333333333333 0.039473684210526314 0.03070175438596491 0.021929824561403508 0.04824561403508772 0.03070175438596491 0.039473684210526314 0.021929824561403508 0.06578947368421052 0.05701754385964912 0.07456140350877193 0.039473684210526314 0.15350877192982457 0.021929824561403508 0.05701754385964912 0.11842105263157894 0.021929824561403508 
0.02631578947368421 0.041353383458646614 0.02631578947368421 0.03383458646616541 0.02631578947368421 0.018796992481203006 0.041353383458646614 0.041353383458646614 0.03383458646616541 0.02631578947368421 0.03383458646616541 0.018796992481203006 0.10150375939849623 0.10150375939849623 0.018796992481203006 0.22932330827067668 0.05639097744360902 0.05639097744360902 0.03383458646616541 0.03383458646616541 
0.03515625 0.05078125 0.01953125 0.01953125 0.03515625 0.01953125 0.01953125 0.03515625 0.01953125 0.05859375 0.02734375 0.05859375 0.12890625 0.08984375 0.06640625 0.16015625 0.05078125 0.04296875 0.02734375 0.03515625 
0.022727272727272728 0.05909090909090909 0.031818181818181815 0.022727272727272728 0.022727272727272728 0.031818181818181815 0.022727272727272728 0.04090909090909091 0.04090909090909091 0.05909090909090909 0.022727272727272728 0.022727272727272728 0.06818181818181818 0.04090909090909091 0.05 0.32272727272727275 0.022727272727272728 0.04090909090909091 0.022727272727272728 0.031818181818181815 
0.0330188679245283 0.0330188679245283 0.04245283018867924 0.02358490566037736 0.04245283018867924 0.12735849056603774 0.02358490566037736 0.02358490566037736 0.0330188679245283 0.04245283018867924 0.0330188679245283 0.02358490566037736 0.08962264150943396 0.0330188679245283 0.0330188679245283 0.23113207547169812 0.04245283018867924 0.0330188679245283 0.0330188679245283 0.02358490566037736 
0.023809523809523808 0.04421768707482993 0.05102040816326531 0.030612244897959183 0.023809523809523808 0.06462585034013606 0.017006802721088437 0.030612244897959183 0.030612244897959183 0.04421768707482993 0.04421768707482993 0.1326530612244898 0.06462585034013606 0.023809523809523808 0.017006802721088437 0.19387755102040816 0.05102040816326531 0.04421768707482993 0.03741496598639456 0.030612244897959183 
0.025252525252525252 0.045454545454545456 0.03535353535353535 0.025252525252525252 0.025252525252525252 0.08585858585858586 0.025252525252525252 0.03535353535353535 0.03535353535353535 0.05555555555555555 0.025252525252525252 0.03535353535353535 0.03535353535353535 0.045454545454545456 0.025252525252525252 0.22727272727272727 0.06565656565656566 0.06565656565656566 0.045454545454545456 0.03535353535353535 
0.026041666666666668 0.026041666666666668 0.078125 0.026041666666666668 0.026041666666666668 0.08854166666666667 0.057291666666666664 0.046875 0.036458333333333336 0.06770833333333333 0.046875 0.036458333333333336 0.057291666666666664 0.046875 0.026041666666666668 0.13020833333333334 0.036458333333333336 0.057291666666666664 0.036458333333333336 0.046875 
0.029166666666666667 0.07083333333333333 0.04583333333333333 0.029166666666666667 0.04583333333333333 0.020833333333333332 0.0625 0.04583333333333333 0.029166666666666667 0.0625 0.029166666666666667 0.0375 0.07916666666666666 0.05416666666666667 0.0375 0.2125 0.029166666666666667 0.029166666666666667 0.020833333333333332 0.029166666666666667 
0.030821917808219176 0.023972602739726026 0.04452054794520548 0.05821917808219178 0.017123287671232876 0.05821917808219178 0.023972602739726026 0.030821917808219176 0.023972602739726026 0.030821917808219176 0.11986301369863013 0.03767123287671233 0.07191780821917808 0.030821917808219176 0.030821917808219176 0.2089041095890411 0.04452054794520548 0.030821917808219176 0.05821917808219178 0.023972602739726026 
0.04054054054054054 0.03153153153153153 0.04954954954954955 0.02252252252252252 0.03153153153153153 0.05855855855855856 0.02252252252252252 0.04954954954954955 0.04054054054054054 0.03153153153153153 0.08558558558558559 0.05855855855855856 0.02252252252252252 0.06756756756756757 0.04954954954954955 0.16666666666666666 0.03153153153153153 0.04954954954954955 0.06756756756756757 0.02252252252252252 
0.08582089552238806 0.018656716417910446 0.055970149253731345 0.041044776119402986 0.026119402985074626 0.048507462686567165 0.018656716417910446 0.026119402985074626 0.026119402985074626 0.048507462686567165 0.10074626865671642 0.06343283582089553 0.018656716417910446 0.048507462686567165 0.018656716417910446 0.22761194029850745 0.018656716417910446 0.018656716417910446 0.0708955223880597 0.018656716417910446 
0.03608247422680412 0.04639175257731959 0.04639175257731959 0.03608247422680412 0.02577319587628866 0.07731958762886598 0.02577319587628866 0.02577319587628866 0.02577319587628866 0.03608247422680412 0.12886597938144329 0.04639175257731959 0.03608247422680412 0.04639175257731959 0.05670103092783505 0.17010309278350516 0.02577319587628866 0.04639175257731959 0.03608247422680412 0.02577319587628866 
0.0330188679245283 0.0330188679245283 0.0330188679245283 0.02358490566037736 0.02358490566037736 0.07075471698113207 0.02358490566037736 0.02358490566037736 0.0330188679245283 0.0330188679245283 0.12735849056603774 0.05188679245283019 0.04245283018867924 0.0330188679245283 0.05188679245283019 0.24056603773584906 0.05188679245283019 0.02358490566037736 0.02358490566037736 0.02358490566037736 
0.04330708661417323 0.03543307086614173 0.01968503937007874 0.03543307086614173 0.01968503937007874 0.06692913385826772 0.027559055118110236 0.03543307086614173 0.051181102362204724 0.051181102362204724 0.09055118110236221 0.04330708661417323 0.01968503937007874 0.04330708661417323 0.04330708661417323 0.20866141732283464 0.051181102362204724 0.03543307086614173 0.05905511811023622 0.01968503937007874 
0.023148148148148147 0.023148148148148147 0.041666666666666664 0.041666666666666664 0.032407407407407406 0.06018518518518518 0.023148148148148147 0.023148148148148147 0.023148148148148147 0.10648148148148148 0.24537037037037038 0.06944444444444445 0.032407407407407406 0.032407407407407406 0.041666666666666664 0.032407407407407406 0.05092592592592592 0.032407407407407406 0.032407407407407406 0.032407407407407406 
0.0528169014084507 0.03873239436619718 0.06690140845070422 0.07394366197183098 0.03873239436619718 0.05985915492957746 0.02464788732394366 0.03169014084507042 0.017605633802816902 0.09507042253521127 0.25704225352112675 0.017605633802816902 0.03169014084507042 0.03873239436619718 0.02464788732394366 0.02464788732394366 0.045774647887323945 0.017605633802816902 0.02464788732394366 0.017605633802816902 
0.02717391304347826 0.02717391304347826 0.04891304347826087 0.03804347826086957 0.02717391304347826 0.059782608695652176 0.02717391304347826 0.03804347826086957 0.02717391304347826 0.09239130434782608 0.266304347826087 0.02717391304347826 0.02717391304347826 0.02717391304347826 0.04891304347826087 0.07065217391304347 0.03804347826086957 0.02717391304347826 0.02717391304347826 0.02717391304347826 
0.02336448598130841 0.02336448598130841 0.02336448598130841 0.07009345794392523 0.02336448598130841 0.06074766355140187 0.02336448598130841 0.03271028037383177 0.14485981308411214 0.08878504672897196 0.13551401869158877 0.02336448598130841 0.03271028037383177 0.0514018691588785 0.04205607476635514 0.04205607476635514 0.02336448598130841 0.0514018691588785 0.0514018691588785 0.03271028037383177 
0.06043956043956044 0.038461538461538464 0.027472527472527472 0.038461538461538464 0.038461538461538464 0.09340659340659341 0.027472527472527472 0.027472527472527472 0.12637362637362637 0.07142857142857142 0.06043956043956044 0.038461538461538464 0.08241758241758242 0.038461538461538464 0.027472527472527472 0.038461538461538464 0.027472527472527472 0.08241758241758242 0.027472527472527472 0.027472527472527472 
0.028455284552845527 0.028455284552845527 0.036585365853658534 0.02032520325203252 0.02032520325203252 0.06910569105691057 0.028455284552845527 0.044715447154471545 0.15853658536585366 0.052845528455284556 0.1016260162601626 0.044715447154471545 0.02032520325203252 0.036585365853658534 0.036585365853658534 0.08536585365853659 0.044715447154471545 0.09349593495934959 0.028455284552845527 0.02032520325203252 
0.05172413793103448 0.028735632183908046 0.028735632183908046 0.028735632183908046 0.028735632183908046 0.05172413793103448 0.028735632183908046 0.040229885057471264 0.05172413793103448 0.09770114942528736 0.13218390804597702 0.040229885057471264 0.040229885057471264 0.028735632183908046 0.028735632183908046 0.028735632183908046 0.08620689655172414 0.06321839080459771 0.07471264367816093 0.040229885057471264 
0.029069767441860465 0.040697674418604654 0.06395348837209303 0.040697674418604654 0.029069767441860465 0.0872093023255814 0.040697674418604654 0.029069767441860465 0.06395348837209303 0.040697674418604654 0.1686046511627907 0.040697674418604654 0.040697674418604654 0.05232558139534884 0.040697674418604654 0.040697674418604654 0.029069767441860465 0.05232558139534884 0.040697674418604654 0.029069767441860465 
0.05223880597014925 0.03731343283582089 0.03731343283582089 0.05223880597014925 0.06716417910447761 0.03731343283582089 0.06716417910447761 0.03731343283582089 0.03731343283582089 0.05223880597014925 0.15671641791044777 0.03731343283582089 0.03731343283582089 0.03731343283582089 0.03731343283582089 0.03731343283582089 0.03731343283582089 0.05223880597014925 0.05223880597014925 0.03731343283582089 
0.05232558139534884 0.029069767441860465 0.05232558139534884 0.029069767441860465 0.029069767441860465 0.029069767441860465 0.040697674418604654 0.029069767441860465 0.0755813953488372 0.05232558139534884 0.14534883720930233 0.029069767441860465 0.029069767441860465 0.029069767441860465 0.029069767441860465 0.029069767441860465 0.05232558139534884 0.09883720930232558 0.11046511627906977 0.029069767441860465 
0.025252525252525252 0.025252525252525252 0.025252525252525252 0.03535353535353535 0.025252525252525252 0.025252525252525252 0.06565656565656566 0.045454545454545456 0.03535353535353535 0.06565656565656566 0.2878787878787879 0.025252525252525252 0.025252525252525252 0.03535353535353535 0.03535353535353535 0.045454545454545456 0.045454545454545456 0.045454545454545456 0.05555555555555555 0.025252525252525252 
0.09765625 0.01953125 0.03515625 0.05859375 0.02734375 0.05078125 0.01953125 0.05859375 0.02734375 0.05859375 0.31640625 0.03515625 0.02734375 0.01953125 0.01953125 0.02734375 0.02734375 0.02734375 0.02734375 0.01953125 
0.02 0.02 0.06 0.076 0.028 0.076 0.02 0.044 0.06 0.052 0.188 0.052 0.028 0.06 0.028 0.02 0.06 0.036 0.036 0.036 
0.025252525252525252 0.025252525252525252 0.05555555555555555 0.07575757575757576 0.025252525252525252 0.12626262626262627 0.025252525252525252 0.025252525252525252 0.045454545454545456 0.03535353535353535 0.17676767676767677 0.045454545454545456 0.025252525252525252 0.06565656565656566 0.025252525252525252 0.025252525252525252 0.025252525252525252 0.03535353535353535 0.08585858585858586 0.025252525252525252 
0.05392156862745098 0.024509803921568627 0.07352941176470588 0.06372549019607843 0.024509803921568627 0.11274509803921569 0.024509803921568627 0.024509803921568627 0.024509803921568627 0.08333333333333333 0.15196078431372548 0.03431372549019608 0.04411764705882353 0.03431372549019608 0.04411764705882353 0.04411764705882353 0.024509803921568627 0.024509803921568627 0.05392156862745098 0.03431372549019608 
0.03535353535353535 0.03535353535353535 0.03535353535353535 0.03535353535353535 0.025252525252525252 0.025252525252525252 0.025252525252525252 0.025252525252525252 0.03535353535353535 0.045454545454545456 0.16666666666666666 0.045454545454545456 0.06565656565656566 0.13636363636363635 0.03535353535353535 0.03535353535353535 0.06565656565656566 0.05555555555555555 0.045454545454545456 0.025252525252525252 
0.04609929078014184 0.031914893617021274 0.01773049645390071 0.06028368794326241 0.01773049645390071 0.024822695035460994 0.06028368794326241 0.01773049645390071 0.031914893617021274 0.0673758865248227 0.2730496453900709 0.03900709219858156 0.024822695035460994 0.09574468085106383 0.01773049645390071 0.03900709219858156 0.031914893617021274 0.024822695035460994 0.04609929078014184 0.031914893617021274 
0.03103448275862069 0.03103448275862069 0.03793103448275862 0.02413793103448276 0.017241379310344827 0.03793103448275862 0.02413793103448276 0.03103448275862069 0.017241379310344827 0.1 0.24482758620689654 0.017241379310344827 0.017241379310344827 0.05862068965517241 0.03103448275862069 0.05862068965517241 0.07241379310344828 0.03103448275862069 0.09310344827586207 0.02413793103448276 
0.03333333333333333 0.03333333333333333 0.04666666666666667 0.03333333333333333 0.04666666666666667 0.04666666666666667 0.03333333333333333 0.04666666666666667 0.03333333333333333 0.03333333333333333 0.07333333333333333 0.12666666666666668 0.03333333333333333 0.06 0.06 0.04666666666666667 0.08666666666666667 0.03333333333333333 0.04666666666666667 0.04666666666666667 
0.06204379562043796 0.025547445255474453 0.06204379562043796 0.01824817518248175 0.01824817518248175 0.040145985401459854 0.025547445255474453 0.040145985401459854 0.025547445255474453 0.05474452554744526 0.032846715328467155 0.24452554744525548 0.025547445255474453 0.06204379562043796 0.032846715328467155 0.06934306569343066 0.04744525547445255 0.040145985401459854 0.05474452554744526 0.01824817518248175 
0.028089887640449437 0.03932584269662921 0.028089887640449437 0.028089887640449437 0.028089887640449437 0.028089887640449437 0.03932584269662921 0.06179775280898876 0.028089887640449437 0.05056179775280899 0.03932584269662921 0.08426966292134831 0.028089887640449437 0.06179775280898876 0.08426966292134831 0.07303370786516854 0.10674157303370786 0.028089887640449437 0.10674157303370786 0.028089887640449437 
0.03723404255319149 0.026595744680851064 0.0797872340425532 0.03723404255319149 0.03723404255319149 0.05851063829787234 0.03723404255319149 0.026595744680851064 0.047872340425531915 0.05851063829787234 0.047872340425531915 0.0797872340425532 0.10106382978723404 0.047872340425531915 0.03723404255319149 0.03723404255319149 0.0797872340425532 0.03723404255319149 0.047872340425531915 0.03723404255319149 
0.03409090909090909 0.04924242424242424 0.07196969696969698 0.026515151515151516 0.01893939393939394 0.07954545454545454 0.06439393939393939 0.03409090909090909 0.01893939393939394 0.08712121212121213 0.07954545454545454 0.07196969696969698 0.0946969696969697 0.07196969696969698 0.03409090909090909 0.01893939393939394 0.03409090909090909 0.03409090909090909 0.04924242424242424 0.026515151515151516 
0.026119402985074626 0.033582089552238806 0.055970149253731345 0.041044776119402986 0.048507462686567165 0.048507462686567165 0.018656716417910446 0.041044776119402986 0.026119402985074626 0.10820895522388059 0.041044776119402986 0.041044776119402986 0.12313432835820895 0.07835820895522388 0.041044776119402986 0.026119402985074626 0.09328358208955224 0.018656716417910446 0.055970149253731345 0.033582089552238806 
0.04487179487179487 0.25 0.03205128205128205 0.03205128205128205 0.04487179487179487 0.03205128205128205 0.04487179487179487 0.03205128205128205 0.057692307692307696 0.03205128205128205 0.04487179487179487 0.03205128205128205 0.03205128205128205 0.03205128205128205 0.03205128205128205 0.057692307692307696 0.04487179487179487 0.03205128205128205 0.04487179487179487 0.04487179487179487 
0.029914529914529916 0.18376068376068377 0.04700854700854701 0.038461538461538464 0.0641025641025641 0.04700854700854701 0.029914529914529916 0.029914529914529916 0.038461538461538464 0.029914529914529916 0.0641025641025641 0.0811965811965812 0.021367521367521368 0.038461538461538464 0.021367521367521368 0.05555555555555555 0.08974358974358974 0.038461538461538464 0.021367521367521368 0.029914529914529916 
0.05327868852459016 0.2336065573770492 0.05327868852459016 0.045081967213114756 0.036885245901639344 0.020491803278688523 0.020491803278688523 0.036885245901639344 0.028688524590163935 0.0778688524590164 0.045081967213114756 0.06147540983606557 0.036885245901639344 0.05327868852459016 0.028688524590163935 0.036885245901639344 0.028688524590163935 0.020491803278688523 0.06147540983606557 0.020491803278688523 
0.030973451327433628 0.27876106194690264 0.030973451327433628 0.022123893805309734 0.03982300884955752 0.05752212389380531 0.022123893805309734 0.022123893805309734 0.022123893805309734 0.030973451327433628 0.03982300884955752 0.05752212389380531 0.05752212389380531 0.03982300884955752 0.030973451327433628 0.06637168141592921 0.030973451327433628 0.048672566371681415 0.030973451327433628 0.03982300884955752 
0.03435114503816794 0.22519083969465647 0.019083969465648856 0.026717557251908396 0.04198473282442748 0.03435114503816794 0.0648854961832061 0.026717557251908396 0.03435114503816794 0.03435114503816794 0.03435114503816794 0.0648854961832061 0.07251908396946564 0.04198473282442748 0.026717557251908396 0.07251908396946564 0.04198473282442748 0.03435114503816794 0.04198473282442748 0.026717557251908396 
0.032467532467532464 0.2662337662337662 0.032467532467532464 0.032467532467532464 0.045454545454545456 0.032467532467532464 0.032467532467532464 0.032467532467532464 0.032467532467532464 0.032467532467532464 0.045454545454545456 0.032467532467532464 0.045454545454545456 0.045454545454545456 0.045454545454545456 0.07142857142857142 0.032467532467532464 0.045454545454545456 0.032467532467532464 0.032467532467532464 
0.02734375 0.20703125 0.05859375 0.03515625 0.03515625 0.01953125 0.02734375 0.01953125 0.02734375 0.04296875 0.02734375 0.03515625 0.02734375 0.05078125 0.03515625 0.07421875 0.16015625 0.02734375 0.03515625 0.02734375 
0.019230769230769232 0.019230769230769232 0.026923076923076925 0.026923076923076925 0.019230769230769232 0.12692307692307692 0.2653846153846154 0.019230769230769232 0.06538461538461539 0.057692307692307696 0.026923076923076925 0.026923076923076925 0.03461538461538462 0.07307692307692308 0.026923076923076925 0.03461538461538462 0.03461538461538462 0.019230769230769232 0.05 0.026923076923076925 
0.03608247422680412 0.06701030927835051 0.02577319587628866 0.03608247422680412 0.03608247422680412 0.13917525773195877 0.19072164948453607 0.03608247422680412 0.04639175257731959 0.03608247422680412 0.02577319587628866 0.05670103092783505 0.03608247422680412 0.03608247422680412 0.02577319587628866 0.02577319587628866 0.02577319587628866 0.02577319587628866 0.04639175257731959 0.04639175257731959 
0.03767123287671233 0.05136986301369863 0.05136986301369863 0.03767123287671233 0.030821917808219176 0.07191780821917808 0.1815068493150685 0.023972602739726026 0.05136986301369863 0.05136986301369863 0.05136986301369863 0.05136986301369863 0.03767123287671233 0.017123287671232876 0.03767123287671233 0.07191780821917808 0.05136986301369863 0.05821917808219178 0.017123287671232876 0.017123287671232876 
0.03398058252427184 0.024271844660194174 0.043689320388349516 0.024271844660194174 0.043689320388349516 0.06310679611650485 0.06310679611650485 0.043689320388349516 0.024271844660194174 0.06310679611650485 0.18932038834951456 0.03398058252427184 0.03398058252427184 0.09223300970873786 0.05339805825242718 0.024271844660194174 0.03398058252427184 0.043689320388349516 0.024271844660194174 0.043689320388349516 
0.028409090909090908 0.028409090909090908 0.028409090909090908 0.10795454545454546 0.028409090909090908 0.0625 0.03977272727272727 0.03977272727272727 0.028409090909090908 0.03977272727272727 0.19886363636363635 0.07386363636363637 0.03977272727272727 0.07386363636363637 0.03977272727272727 0.028409090909090908 0.028409090909090908 0.028409090909090908 0.028409090909090908 0.028409090909090908 
0.019083969465648856 0.03435114503816794 0.019083969465648856 0.026717557251908396 0.05725190839694656 0.1183206106870229 0.07251908396946564 0.03435114503816794 0.019083969465648856 0.03435114503816794 0.22519083969465647 0.05725190839694656 0.04198473282442748 0.04198473282442748 0.03435114503816794 0.019083969465648856 0.026717557251908396 0.03435114503816794 0.0648854961832061 0.019083969465648856 
0.01824817518248175 0.01824817518248175 0.032846715328467155 0.04744525547445255 0.01824817518248175 0.06934306569343066 0.05474452554744526 0.05474452554744526 0.025547445255474453 0.06934306569343066 0.2518248175182482 0.05474452554744526 0.025547445255474453 0.040145985401459854 0.025547445255474453 0.06204379562043796 0.04744525547445255 0.01824817518248175 0.032846715328467155 0.032846715328467155 
0.03271028037383177 0.03271028037383177 0.02336448598130841 0.02336448598130841 0.04205607476635514 0.0514018691588785 0.02336448598130841 0.03271028037383177 0.02336448598130841 0.0514018691588785 0.14485981308411214 0.0794392523364486 0.0794392523364486 0.03271028037383177 0.03271028037383177 0.06074766355140187 0.1542056074766355 0.03271028037383177 0.02336448598130841 0.02336448598130841 
0.02252252252252252 0.04054054054054054 0.03153153153153153 0.04054054054054054 0.03153153153153153 0.06756756756756757 0.03153153153153153 0.04954954954954955 0.02252252252252252 0.05855855855855856 0.17567567567567569 0.05855855855855856 0.03153153153153153 0.04054054054054054 0.03153153153153153 0.04054054054054054 0.1036036036036036 0.04954954954954955 0.04054054054054054 0.03153153153153153 
0.028 0.068 0.028 0.028 0.036 0.052 0.044 0.076 0.036 0.052 0.132 0.06 0.036 0.02 0.02 0.044 0.092 0.06 0.06 0.028 
0.038461538461538464 0.038461538461538464 0.04945054945054945 0.06043956043956044 0.027472527472527472 0.09340659340659341 0.038461538461538464 0.027472527472527472 0.027472527472527472 0.027472527472527472 0.21428571428571427 0.038461538461538464 0.027472527472527472 0.07142857142857142 0.038461538461538464 0.027472527472527472 0.06043956043956044 0.038461538461538464 0.027472527472527472 0.027472527472527472 
0.025 0.075 0.039285714285714285 0.05357142857142857 0.017857142857142856 0.025 0.03214285714285714 0.025 0.017857142857142856 0.03214285714285714 0.26071428571428573 0.09642857142857143 0.060714285714285714 0.025 0.017857142857142856 0.017857142857142856 0.060714285714285714 0.06785714285714285 0.025 0.025 
0.08823529411764706 0.037815126050420166 0.08823529411764706 0.046218487394957986 0.029411764705882353 0.0546218487394958 0.046218487394957986 0.029411764705882353 0.02100840336134454 0.029411764705882353 0.1638655462184874 0.06302521008403361 0.037815126050420166 0.02100840336134454 0.046218487394957986 0.046218487394957986 0.046218487394957986 0.046218487394957986 0.029411764705882353 0.029411764705882353 
0.02348993288590604 0.06375838926174497 0.03691275167785235 0.02348993288590604 0.016778523489932886 0.03691275167785235 0.030201342281879196 0.016778523489932886 0.050335570469798654 0.05704697986577181 0.18456375838926176 0.0436241610738255 0.016778523489932886 0.016778523489932886 0.016778523489932886 0.0436241610738255 0.11073825503355705 0.08389261744966443 0.05704697986577181 0.07046979865771812 
0.0663265306122449 0.05612244897959184 0.04591836734693878 0.025510204081632654 0.025510204081632654 0.05612244897959184 0.03571428571428571 0.05612244897959184 0.025510204081632654 0.025510204081632654 0.1989795918367347 0.0663265306122449 0.03571428571428571 0.04591836734693878 0.025510204081632654 0.025510204081632654 0.025510204081632654 0.04591836734693878 0.07653061224489796 0.03571428571428571 
0.05188679245283019 0.0330188679245283 0.02358490566037736 0.04245283018867924 0.0330188679245283 0.08018867924528301 0.0330188679245283 0.02358490566037736 0.05188679245283019 0.08962264150943396 0.2028301886792453 0.0330188679245283 0.04245283018867924 0.02358490566037736 0.02358490566037736 0.0330188679245283 0.02358490566037736 0.08962264150943396 0.04245283018867924 0.02358490566037736 
0.043689320388349516 0.024271844660194174 0.03398058252427184 0.043689320388349516 0.11165048543689321 0.03398058252427184 0.024271844660194174 0.03398058252427184 0.024271844660194174 0.06310679611650485 0.2766990291262136 0.03398058252427184 0.024271844660194174 0.024271844660194174 0.03398058252427184 0.03398058252427184 0.05339805825242718 0.024271844660194174 0.03398058252427184 0.024271844660194174 
0.02066115702479339 0.07024793388429752 0.0371900826446281 0.0371900826446281 0.0371900826446281 0.0371900826446281 0.028925619834710745 0.07024793388429752 0.02066115702479339 0.045454545454545456 0.16942148760330578 0.06198347107438017 0.045454545454545456 0.045454545454545456 0.045454545454545456 0.045454545454545456 0.07024793388429752 0.05371900826446281 0.028925619834710745 0.028925619834710745 
0.028409090909090908 0.028409090909090908 0.03977272727272727 0.05113636363636364 0.03977272727272727 0.028409090909090908 0.028409090909090908 0.09659090909090909 0.028409090909090908 0.0625 0.13068181818181818 0.05113636363636364 0.0625 0.0625 0.08522727272727272 0.03977272727272727 0.028409090909090908 0.028409090909090908 0.05113636363636364 0.028409090909090908 
0.026515151515151516 0.056818181818181816 0.026515151515151516 0.03409090909090909 0.026515151515151516 0.026515151515151516 0.026515151515151516 0.03409090909090909 0.03409090909090909 0.16287878787878787 0.22348484848484848 0.041666666666666664 0.01893939393939394 0.026515151515151516 0.03409090909090909 0.041666666666666664 0.041666666666666664 0.04924242424242424 0.04924242424242424 0.01893939393939394 
0.03594771241830065 0.03594771241830065 0.049019607843137254 0.049019607843137254 0.02287581699346405 0.029411764705882353 0.016339869281045753 0.02287581699346405 0.042483660130718956 0.09477124183006536 0.19934640522875818 0.10130718954248366 0.029411764705882353 0.05555555555555555 0.02287581699346405 0.049019607843137254 0.029411764705882353 0.016339869281045753 0.05555555555555555 0.042483660130718956 
0.022935779816513763 0.05045871559633028 0.03211009174311927 0.05045871559633028 0.05963302752293578 0.04128440366972477 0.04128440366972477 0.04128440366972477 0.04128440366972477 0.03211009174311927 0.11467889908256881 0.022935779816513763 0.03211009174311927 0.05045871559633028 0.0779816513761468 0.0779816513761468 0.10550458715596331 0.03211009174311927 0.05045871559633028 0.022935779816513763 
0.03608247422680412 0.06701030927835051 0.05670103092783505 0.02577319587628866 0.02577319587628866 0.03608247422680412 0.04639175257731959 0.03608247422680412 0.03608247422680412 0.06701030927835051 0.15979381443298968 0.06701030927835051 0.05670103092783505 0.02577319587628866 0.03608247422680412 0.04639175257731959 0.07731958762886598 0.02577319587628866 0.03608247422680412 0.03608247422680412 
0.04455445544554455 0.04455445544554455 0.034653465346534656 0.034653465346534656 0.024752475247524754 0.034653465346534656 0.06435643564356436 0.024752475247524754 0.024752475247524754 0.07425742574257425 0.13366336633663367 0.04455445544554455 0.04455445544554455 0.024752475247524754 0.04455445544554455 0.054455445544554455 0.04455445544554455 0.054455445544554455 0.12376237623762376 0.024752475247524754 
0.04929577464788732 0.035211267605633804 0.035211267605633804 0.04929577464788732 0.035211267605633804 0.035211267605633804 0.035211267605633804 0.035211267605633804 0.035211267605633804 0.06338028169014084 0.2323943661971831 0.04929577464788732 0.035211267605633804 0.035211267605633804 0.035211267605633804 0.035211267605633804 0.06338028169014084 0.035211267605633804 0.035211267605633804 0.035211267605633804 
0.03571428571428571 0.05 0.03571428571428571 0.03571428571428571 0.06428571428571428 0.05 0.05 0.05 0.05 0.05 0.17857142857142858 0.03571428571428571 0.03571428571428571 0.05 0.03571428571428571 0.03571428571428571 0.03571428571428571 0.03571428571428571 0.03571428571428571 0.05 
0.04591836734693878 0.025510204081632654 0.04591836734693878 0.09693877551020408 0.025510204081632654 0.025510204081632654 0.025510204081632654 0.025510204081632654 0.04591836734693878 0.0663265306122449 0.1683673469387755 0.025510204081632654 0.03571428571428571 0.08673469387755102 0.05612244897959184 0.025510204081632654 0.05612244897959184 0.04591836734693878 0.025510204081632654 0.04591836734693878 
0.030973451327433628 0.03982300884955752 0.09292035398230089 0.03982300884955752 0.030973451327433628 0.03982300884955752 0.048672566371681415 0.030973451327433628 0.03982300884955752 0.048672566371681415 0.19911504424778761 0.022123893805309734 0.05752212389380531 0.030973451327433628 0.030973451327433628 0.03982300884955752 0.06637168141592921 0.030973451327433628 0.05752212389380531 0.022123893805309734 
0.019083969465648856 0.03435114503816794 0.07251908396946564 0.03435114503816794 0.026717557251908396 0.04198473282442748 0.03435114503816794 0.03435114503816794 0.04198473282442748 0.019083969465648856 0.23282442748091603 0.13358778625954199 0.04961832061068702 0.026717557251908396 0.03435114503816794 0.04198473282442748 0.019083969465648856 0.026717557251908396 0.04961832061068702 0.026717557251908396 
0.03488372093023256 0.01937984496124031 0.050387596899224806 0.06589147286821706 0.027131782945736434 0.08139534883720931 0.01937984496124031 0.05813953488372093 0.03488372093023256 0.027131782945736434 0.2364341085271318 0.08139534883720931 0.03488372093023256 0.04263565891472868 0.04263565891472868 0.027131782945736434 0.027131782945736434 0.027131782945736434 0.04263565891472868 0.01937984496124031 
0.034653465346534656 0.034653465346534656 0.06435643564356436 0.034653465346534656 0.024752475247524754 0.054455445544554455 0.024752475247524754 0.024752475247524754 0.034653465346534656 0.034653465346534656 0.14356435643564355 0.07425742574257425 0.07425742574257425 0.024752475247524754 0.054455445544554455 0.04455445544554455 0.024752475247524754 0.034653465346534656 0.11386138613861387 0.04455445544554455 
0.020491803278688523 0.020491803278688523 0.028688524590163935 0.0942622950819672 0.020491803278688523 0.036885245901639344 0.028688524590163935 0.0778688524590164 0.036885245901639344 0.036885245901639344 0.19262295081967212 0.045081967213114756 0.05327868852459016 0.045081967213114756 0.036885245901639344 0.06967213114754098 0.036885245901639344 0.020491803278688523 0.06967213114754098 0.028688524590163935 
