0.02403846153846154 0.02403846153846154 0.04326923076923077 0.07211538461538461 0.04326923076923077 0.03365384615384615 0.1971153846153846 0.03365384615384615 0.03365384615384615 0.04326923076923077 0.02403846153846154 0.02403846153846154 0.02403846153846154 0.08173076923076923 0.052884615384615384 0.02403846153846154 0.07211538461538461 0.0625 0.052884615384615384 0.03365384615384615 
0.046875 0.06770833333333333 0.026041666666666668 0.09895833333333333 0.036458333333333336 0.06770833333333333 0.19270833333333334 0.026041666666666668 0.026041666666666668 0.057291666666666664 0.026041666666666668 0.026041666666666668 0.046875 0.026041666666666668 0.057291666666666664 0.026041666666666668 0.036458333333333336 0.046875 0.026041666666666668 0.036458333333333336 
0.03431372549019608 0.04411764705882353 0.024509803921568627 0.04411764705882353 0.05392156862745098 0.03431372549019608 0.14215686274509803 0.024509803921568627 0.22058823529411764 0.07352941176470588 0.024509803921568627 0.024509803921568627 0.03431372549019608 0.03431372549019608 0.05392156862745098 0.024509803921568627 0.024509803921568627 0.024509803921568627 0.024509803921568627 0.03431372549019608 
0.028735632183908046 0.05172413793103448 0.040229885057471264 0.10919540229885058 0.05172413793103448 0.05172413793103448 0.1206896551724138 0.028735632183908046 0.07471264367816093 0.028735632183908046 0.028735632183908046 0.06321839080459771 0.028735632183908046 0.07471264367816093 0.040229885057471264 0.028735632183908046 0.028735632183908046 0.06321839080459771 0.028735632183908046 0.028735632183908046 
0.032407407407407406 0.023148148148148147 0.032407407407407406 0.032407407407407406 0.023148148148148147 0.032407407407407406 0.125 0.032407407407407406 0.375 0.023148148148148147 0.023148148148148147 0.023148148148148147 0.032407407407407406 0.032407407407407406 0.023148148148148147 0.023148148148148147 0.032407407407407406 0.023148148148148147 0.023148148148148147 0.032407407407407406 
0.042682926829268296 0.042682926829268296 0.042682926829268296 0.03048780487804878 0.042682926829268296 0.03048780487804878 0.03048780487804878 0.03048780487804878 0.2621951219512195 0.03048780487804878 0.03048780487804878 0.042682926829268296 0.03048780487804878 0.06707317073170732 0.054878048780487805 0.042682926829268296 0.03048780487804878 0.042682926829268296 0.03048780487804878 0.042682926829268296 
0.042682926829268296 0.07926829268292683 0.042682926829268296 0.03048780487804878 0.03048780487804878 0.06707317073170732 0.03048780487804878 0.03048780487804878 0.18902439024390244 0.03048780487804878 0.03048780487804878 0.03048780487804878 0.042682926829268296 0.042682926829268296 0.03048780487804878 0.03048780487804878 0.11585365853658537 0.042682926829268296 0.03048780487804878 0.03048780487804878 
0.024509803921568627 0.03431372549019608 0.024509803921568627 0.03431372549019608 0.03431372549019608 0.024509803921568627 0.19117647058823528 0.024509803921568627 0.25 0.04411764705882353 0.024509803921568627 0.024509803921568627 0.08333333333333333 0.024509803921568627 0.03431372549019608 0.024509803921568627 0.024509803921568627 0.024509803921568627 0.024509803921568627 0.024509803921568627 
0.022321428571428572 0.03125 0.04017857142857143 0.049107142857142856 0.022321428571428572 0.03125 0.41517857142857145 0.022321428571428572 0.022321428571428572 0.04017857142857143 0.022321428571428572 0.022321428571428572 0.049107142857142856 0.05803571428571429 0.022321428571428572 0.022321428571428572 0.022321428571428572 0.022321428571428572 0.03125 0.03125 
0.028089887640449437 0.028089887640449437 0.028089887640449437 0.028089887640449437 0.03932584269662921 0.028089887640449437 0.398876404494382 0.028089887640449437 0.03932584269662921 0.03932584269662921 0.028089887640449437 0.05056179775280899 0.028089887640449437 0.028089887640449437 0.028089887640449437 0.03932584269662921 0.028089887640449437 0.028089887640449437 0.028089887640449437 0.028089887640449437 
0.03435114503816794 0.026717557251908396 0.03435114503816794 0.0648854961832061 0.04961832061068702 0.019083969465648856 0.05725190839694656 0.07251908396946564 0.23282442748091603 0.05725190839694656 0.019083969465648856 0.10305343511450382 0.026717557251908396 0.019083969465648856 0.04198473282442748 0.03435114503816794 0.03435114503816794 0.019083969465648856 0.019083969465648856 0.03435114503816794 
0.038135593220338986 0.029661016949152543 0.029661016949152543 0.05508474576271186 0.0211864406779661 0.0211864406779661 0.029661016949152543 0.2584745762711864 0.0211864406779661 0.029661016949152543 0.029661016949152543 0.13135593220338984 0.038135593220338986 0.038135593220338986 0.05508474576271186 0.038135593220338986 0.038135593220338986 0.038135593220338986 0.0211864406779661 0.038135593220338986 
0.07664233576642336 0.05474452554744526 0.01824817518248175 0.09854014598540146 0.032846715328467155 0.025547445255474453 0.040145985401459854 0.20802919708029197 0.01824817518248175 0.04744525547445255 0.04744525547445255 0.09124087591240876 0.025547445255474453 0.025547445255474453 0.04744525547445255 0.025547445255474453 0.025547445255474453 0.040145985401459854 0.01824817518248175 0.032846715328467155 
0.06696428571428571 0.03125 0.022321428571428572 0.14732142857142858 0.022321428571428572 0.03125 0.022321428571428572 0.05803571428571429 0.04017857142857143 0.03125 0.03125 0.19196428571428573 0.10267857142857142 0.04017857142857143 0.03125 0.022321428571428572 0.022321428571428572 0.022321428571428572 0.022321428571428572 0.04017857142857143 
0.09770114942528736 0.07471264367816093 0.040229885057471264 0.040229885057471264 0.028735632183908046 0.040229885057471264 0.06321839080459771 0.040229885057471264 0.08620689655172414 0.040229885057471264 0.028735632183908046 0.10919540229885058 0.028735632183908046 0.040229885057471264 0.05172413793103448 0.028735632183908046 0.028735632183908046 0.040229885057471264 0.05172413793103448 0.040229885057471264 
0.057291666666666664 0.057291666666666664 0.026041666666666668 0.13020833333333334 0.036458333333333336 0.036458333333333336 0.036458333333333336 0.057291666666666664 0.057291666666666664 0.036458333333333336 0.026041666666666668 0.16145833333333334 0.036458333333333336 0.036458333333333336 0.046875 0.026041666666666668 0.026041666666666668 0.036458333333333336 0.046875 0.026041666666666668 
0.02358490566037736 0.02358490566037736 0.02358490566037736 0.0330188679245283 0.02358490566037736 0.07075471698113207 0.08018867924528301 0.02358490566037736 0.32547169811320753 0.06132075471698113 0.0330188679245283 0.02358490566037736 0.05188679245283019 0.02358490566037736 0.0330188679245283 0.0330188679245283 0.02358490566037736 0.02358490566037736 0.0330188679245283 0.0330188679245283 
0.03515625 0.05078125 0.01953125 0.03515625 0.04296875 0.02734375 0.02734375 0.01953125 0.37890625 0.01953125 0.03515625 0.01953125 0.05078125 0.02734375 0.03515625 0.02734375 0.02734375 0.05859375 0.01953125 0.04296875 
0.038135593220338986 0.046610169491525424 0.0211864406779661 0.046610169491525424 0.0211864406779661 0.029661016949152543 0.08050847457627118 0.0211864406779661 0.21610169491525424 0.046610169491525424 0.029661016949152543 0.1059322033898305 0.1228813559322034 0.029661016949152543 0.029661016949152543 0.0211864406779661 0.0211864406779661 0.0211864406779661 0.029661016949152543 0.0211864406779661 
0.02066115702479339 0.07851239669421488 0.028925619834710745 0.028925619834710745 0.02066115702479339 0.028925619834710745 0.10330578512396695 0.02066115702479339 0.25206611570247933 0.0371900826446281 0.0371900826446281 0.02066115702479339 0.045454545454545456 0.05371900826446281 0.045454545454545456 0.05371900826446281 0.028925619834710745 0.028925619834710745 0.0371900826446281 0.028925619834710745 
0.024509803921568627 0.11274509803921569 0.04411764705882353 0.03431372549019608 0.024509803921568627 0.03431372549019608 0.03431372549019608 0.024509803921568627 0.18137254901960784 0.03431372549019608 0.024509803921568627 0.05392156862745098 0.024509803921568627 0.05392156862745098 0.05392156862745098 0.05392156862745098 0.03431372549019608 0.04411764705882353 0.07352941176470588 0.03431372549019608 
0.018518518518518517 0.1 0.040740740740740744 0.05555555555555555 0.04814814814814815 0.025925925925925925 0.05555555555555555 0.025925925925925925 0.13703703703703704 0.10740740740740741 0.025925925925925925 0.03333333333333333 0.040740740740740744 0.040740740740740744 0.05555555555555555 0.040740740740740744 0.04814814814814815 0.018518518518518517 0.04814814814814815 0.03333333333333333 
0.030973451327433628 0.06637168141592921 0.048672566371681415 0.022123893805309734 0.022123893805309734 0.048672566371681415 0.05752212389380531 0.030973451327433628 0.17256637168141592 0.09292035398230089 0.03982300884955752 0.022123893805309734 0.030973451327433628 0.030973451327433628 0.0752212389380531 0.06637168141592921 0.030973451327433628 0.022123893805309734 0.06637168141592921 0.022123893805309734 
0.036458333333333336 0.13020833333333334 0.036458333333333336 0.046875 0.026041666666666668 0.036458333333333336 0.036458333333333336 0.026041666666666668 0.140625 0.026041666666666668 0.026041666666666668 0.06770833333333333 0.046875 0.026041666666666668 0.046875 0.09895833333333333 0.026041666666666668 0.036458333333333336 0.057291666666666664 0.026041666666666668 
0.03982300884955752 0.15486725663716813 0.030973451327433628 0.030973451327433628 0.084070796460177 0.048672566371681415 0.048672566371681415 0.022123893805309734 0.09292035398230089 0.048672566371681415 0.030973451327433628 0.022123893805309734 0.03982300884955752 0.022123893805309734 0.03982300884955752 0.048672566371681415 0.030973451327433628 0.048672566371681415 0.022123893805309734 0.09292035398230089 
0.03125 0.03125 0.022321428571428572 0.05803571428571429 0.03125 0.049107142857142856 0.05803571428571429 0.022321428571428572 0.32589285714285715 0.049107142857142856 0.049107142857142856 0.022321428571428572 0.03125 0.03125 0.03125 0.03125 0.03125 0.03125 0.03125 0.03125 
0.018796992481203006 0.02631578947368421 0.02631578947368421 0.07142857142857142 0.018796992481203006 0.06390977443609022 0.03383458646616541 0.018796992481203006 0.424812030075188 0.02631578947368421 0.02631578947368421 0.02631578947368421 0.02631578947368421 0.018796992481203006 0.03383458646616541 0.041353383458646614 0.018796992481203006 0.018796992481203006 0.03383458646616541 0.02631578947368421 
0.029914529914529916 0.021367521367521368 0.021367521367521368 0.12393162393162394 0.038461538461538464 0.04700854700854701 0.029914529914529916 0.021367521367521368 0.2606837606837607 0.021367521367521368 0.021367521367521368 0.08974358974358974 0.038461538461538464 0.038461538461538464 0.038461538461538464 0.029914529914529916 0.021367521367521368 0.021367521367521368 0.0641025641025641 0.021367521367521368 
0.022123893805309734 0.022123893805309734 0.048672566371681415 0.05752212389380531 0.022123893805309734 0.048672566371681415 0.0752212389380531 0.022123893805309734 0.3141592920353982 0.0752212389380531 0.030973451327433628 0.030973451327433628 0.030973451327433628 0.030973451327433628 0.022123893805309734 0.022123893805309734 0.022123893805309734 0.022123893805309734 0.048672566371681415 0.030973451327433628 
0.029411764705882353 0.052941176470588235 0.052941176470588235 0.08823529411764706 0.029411764705882353 0.041176470588235294 0.06470588235294118 0.029411764705882353 0.19411764705882353 0.029411764705882353 0.041176470588235294 0.041176470588235294 0.041176470588235294 0.029411764705882353 0.041176470588235294 0.029411764705882353 0.041176470588235294 0.029411764705882353 0.041176470588235294 0.052941176470588235 
0.03333333333333333 0.08095238095238096 0.04285714285714286 0.09047619047619047 0.023809523809523808 0.06190476190476191 0.04285714285714286 0.023809523809523808 0.1380952380952381 0.08095238095238096 0.03333333333333333 0.023809523809523808 0.03333333333333333 0.04285714285714286 0.023809523809523808 0.04285714285714286 0.04285714285714286 0.04285714285714286 0.06190476190476191 0.03333333333333333 
0.022935779816513763 0.03211009174311927 0.03211009174311927 0.05045871559633028 0.022935779816513763 0.022935779816513763 0.05045871559633028 0.022935779816513763 0.18807339449541285 0.05045871559633028 0.04128440366972477 0.04128440366972477 0.022935779816513763 0.022935779816513763 0.022935779816513763 0.20642201834862386 0.04128440366972477 0.022935779816513763 0.04128440366972477 0.04128440366972477 
0.03164556962025317 0.03164556962025317 0.04430379746835443 0.06962025316455696 0.08227848101265822 0.06962025316455696 0.04430379746835443 0.03164556962025317 0.10759493670886076 0.056962025316455694 0.03164556962025317 0.03164556962025317 0.03164556962025317 0.03164556962025317 0.0949367088607595 0.04430379746835443 0.03164556962025317 0.04430379746835443 0.04430379746835443 0.04430379746835443 
0.035 0.035 0.025 0.075 0.025 0.065 0.035 0.025 0.155 0.025 0.155 0.025 0.045 0.045 0.025 0.055 0.045 0.025 0.035 0.045 
0.022123893805309734 0.06637168141592921 0.03982300884955752 0.06637168141592921 0.030973451327433628 0.022123893805309734 0.18141592920353983 0.022123893805309734 0.22566371681415928 0.030973451327433628 0.022123893805309734 0.022123893805309734 0.030973451327433628 0.03982300884955752 0.022123893805309734 0.030973451327433628 0.030973451327433628 0.030973451327433628 0.022123893805309734 0.03982300884955752 
0.022321428571428572 0.022321428571428572 0.022321428571428572 0.022321428571428572 0.049107142857142856 0.06696428571428571 0.10267857142857142 0.022321428571428572 0.34375 0.049107142857142856 0.03125 0.022321428571428572 0.049107142857142856 0.022321428571428572 0.022321428571428572 0.022321428571428572 0.022321428571428572 0.022321428571428572 0.022321428571428572 0.04017857142857143 
0.021551724137931036 0.03017241379310345 0.021551724137931036 0.03017241379310345 0.021551724137931036 0.03017241379310345 0.08189655172413793 0.04741379310344827 0.2629310344827586 0.03017241379310345 0.021551724137931036 0.03879310344827586 0.11637931034482758 0.04741379310344827 0.03017241379310345 0.03879310344827586 0.03879310344827586 0.03017241379310345 0.021551724137931036 0.03879310344827586 
0.03888888888888889 0.027777777777777776 0.03888888888888889 0.03888888888888889 0.027777777777777776 0.08333333333333333 0.06111111111111111 0.027777777777777776 0.22777777777777777 0.03888888888888889 0.027777777777777776 0.09444444444444444 0.05 0.027777777777777776 0.027777777777777776 0.027777777777777776 0.027777777777777776 0.027777777777777776 0.027777777777777776 0.05 
0.03763440860215054 0.03763440860215054 0.026881720430107527 0.026881720430107527 0.026881720430107527 0.04838709677419355 0.06989247311827956 0.04838709677419355 0.27419354838709675 0.03763440860215054 0.03763440860215054 0.026881720430107527 0.05913978494623656 0.026881720430107527 0.026881720430107527 0.03763440860215054 0.03763440860215054 0.026881720430107527 0.03763440860215054 0.04838709677419355 
0.03571428571428571 0.025510204081632654 0.025510204081632654 0.025510204081632654 0.03571428571428571 0.09693877551020408 0.07653061224489796 0.025510204081632654 0.15816326530612246 0.04591836734693878 0.04591836734693878 0.025510204081632654 0.08673469387755102 0.03571428571428571 0.03571428571428571 0.03571428571428571 0.03571428571428571 0.025510204081632654 0.03571428571428571 0.08673469387755102 
0.024271844660194174 0.024271844660194174 0.024271844660194174 0.024271844660194174 0.03398058252427184 0.03398058252427184 0.25728155339805825 0.024271844660194174 0.19902912621359223 0.043689320388349516 0.024271844660194174 0.03398058252427184 0.05339805825242718 0.03398058252427184 0.024271844660194174 0.024271844660194174 0.024271844660194174 0.03398058252427184 0.024271844660194174 0.03398058252427184 
0.021929824561403508 0.021929824561403508 0.021929824561403508 0.021929824561403508 0.03070175438596491 0.021929824561403508 0.34649122807017546 0.021929824561403508 0.039473684210526314 0.039473684210526314 0.021929824561403508 0.021929824561403508 0.09210526315789473 0.039473684210526314 0.039473684210526314 0.021929824561403508 0.039473684210526314 0.03070175438596491 0.06578947368421052 0.039473684210526314 
0.034722222222222224 0.034722222222222224 0.034722222222222224 0.034722222222222224 0.034722222222222224 0.0625 0.2569444444444444 0.034722222222222224 0.034722222222222224 0.0625 0.034722222222222224 0.034722222222222224 0.0625 0.034722222222222224 0.034722222222222224 0.034722222222222224 0.034722222222222224 0.034722222222222224 0.034722222222222224 0.034722222222222224 
0.02336448598130841 0.02336448598130841 0.02336448598130841 0.02336448598130841 0.03271028037383177 0.02336448598130841 0.07009345794392523 0.03271028037383177 0.21962616822429906 0.07009345794392523 0.02336448598130841 0.08878504672897196 0.10747663551401869 0.04205607476635514 0.02336448598130841 0.03271028037383177 0.02336448598130841 0.04205607476635514 0.04205607476635514 0.03271028037383177 
0.03365384615384615 0.02403846153846154 0.02403846153846154 0.03365384615384615 0.02403846153846154 0.02403846153846154 0.02403846153846154 0.02403846153846154 0.0625 0.10096153846153846 0.02403846153846154 0.09134615384615384 0.07211538461538461 0.2548076923076923 0.04326923076923077 0.03365384615384615 0.02403846153846154 0.02403846153846154 0.03365384615384615 0.02403846153846154 
0.03431372549019608 0.024509803921568627 0.024509803921568627 0.04411764705882353 0.04411764705882353 0.05392156862745098 0.03431372549019608 0.024509803921568627 0.11274509803921569 0.024509803921568627 0.024509803921568627 0.22058823529411764 0.10294117647058823 0.03431372549019608 0.04411764705882353 0.03431372549019608 0.024509803921568627 0.024509803921568627 0.04411764705882353 0.024509803921568627 
0.032467532467532464 0.045454545454545456 0.032467532467532464 0.032467532467532464 0.05844155844155844 0.032467532467532464 0.07142857142857142 0.032467532467532464 0.045454545454545456 0.07142857142857142 0.045454545454545456 0.045454545454545456 0.045454545454545456 0.032467532467532464 0.032467532467532464 0.05844155844155844 0.032467532467532464 0.05844155844155844 0.11038961038961038 0.08441558441558442 
0.046052631578947366 0.046052631578947366 0.046052631578947366 0.046052631578947366 0.046052631578947366 0.046052631578947366 0.19078947368421054 0.03289473684210526 0.03289473684210526 0.05921052631578947 0.03289473684210526 0.03289473684210526 0.08552631578947369 0.046052631578947366 0.046052631578947366 0.03289473684210526 0.03289473684210526 0.03289473684210526 0.03289473684210526 0.03289473684210526 
0.03676470588235294 0.051470588235294115 0.051470588235294115 0.03676470588235294 0.03676470588235294 0.03676470588235294 0.18382352941176472 0.03676470588235294 0.03676470588235294 0.03676470588235294 0.03676470588235294 0.03676470588235294 0.03676470588235294 0.051470588235294115 0.051470588235294115 0.051470588235294115 0.03676470588235294 0.03676470588235294 0.08088235294117647 0.03676470588235294 
0.03289473684210526 0.046052631578947366 0.03289473684210526 0.046052631578947366 0.046052631578947366 0.046052631578947366 0.1513157894736842 0.03289473684210526 0.05921052631578947 0.05921052631578947 0.046052631578947366 0.046052631578947366 0.046052631578947366 0.05921052631578947 0.03289473684210526 0.03289473684210526 0.03289473684210526 0.07236842105263158 0.03289473684210526 0.046052631578947366 
0.03723404255319149 0.047872340425531915 0.026595744680851064 0.026595744680851064 0.026595744680851064 0.05851063829787234 0.30319148936170215 0.026595744680851064 0.026595744680851064 0.05851063829787234 0.026595744680851064 0.026595744680851064 0.03723404255319149 0.026595744680851064 0.026595744680851064 0.026595744680851064 0.03723404255319149 0.03723404255319149 0.026595744680851064 0.09042553191489362 
0.034653465346534656 0.04455445544554455 0.024752475247524754 0.034653465346534656 0.024752475247524754 0.054455445544554455 0.3811881188118812 0.024752475247524754 0.034653465346534656 0.024752475247524754 0.024752475247524754 0.04455445544554455 0.034653465346534656 0.034653465346534656 0.034653465346534656 0.024752475247524754 0.024752475247524754 0.024752475247524754 0.024752475247524754 0.04455445544554455 
0.03431372549019608 0.11274509803921569 0.03431372549019608 0.04411764705882353 0.03431372549019608 0.04411764705882353 0.22058823529411764 0.024509803921568627 0.024509803921568627 0.03431372549019608 0.03431372549019608 0.03431372549019608 0.08333333333333333 0.04411764705882353 0.04411764705882353 0.024509803921568627 0.03431372549019608 0.024509803921568627 0.024509803921568627 0.04411764705882353 
0.032407407407407406 0.032407407407407406 0.023148148148148147 0.023148148148148147 0.023148148148148147 0.041666666666666664 0.4398148148148148 0.023148148148148147 0.041666666666666664 0.041666666666666664 0.023148148148148147 0.023148148148148147 0.041666666666666664 0.041666666666666664 0.023148148148148147 0.023148148148148147 0.023148148148148147 0.032407407407407406 0.023148148148148147 0.023148148148148147 
0.024509803921568627 0.05392156862745098 0.024509803921568627 0.024509803921568627 0.06372549019607843 0.04411764705882353 0.18137254901960784 0.024509803921568627 0.024509803921568627 0.10294117647058823 0.03431372549019608 0.03431372549019608 0.03431372549019608 0.07352941176470588 0.03431372549019608 0.03431372549019608 0.03431372549019608 0.04411764705882353 0.03431372549019608 0.07352941176470588 
0.030120481927710843 0.10240963855421686 0.030120481927710843 0.030120481927710843 0.030120481927710843 0.030120481927710843 0.15060240963855423 0.030120481927710843 0.04216867469879518 0.04216867469879518 0.030120481927710843 0.030120481927710843 0.1746987951807229 0.04216867469879518 0.04216867469879518 0.030120481927710843 0.04216867469879518 0.030120481927710843 0.030120481927710843 0.030120481927710843 
0.022727272727272728 0.04090909090909091 0.022727272727272728 0.031818181818181815 0.031818181818181815 0.031818181818181815 0.16818181818181818 0.022727272727272728 0.031818181818181815 0.022727272727272728 0.022727272727272728 0.04090909090909091 0.2318181818181818 0.08636363636363636 0.031818181818181815 0.04090909090909091 0.022727272727272728 0.022727272727272728 0.04090909090909091 0.031818181818181815 
0.023148148148148147 0.032407407407407406 0.032407407407407406 0.023148148148148147 0.05092592592592592 0.023148148148148147 0.16203703703703703 0.041666666666666664 0.032407407407407406 0.06018518518518518 0.023148148148148147 0.032407407407407406 0.2175925925925926 0.05092592592592592 0.023148148148148147 0.023148148148148147 0.023148148148148147 0.023148148148148147 0.041666666666666664 0.06018518518518518 
0.033783783783783786 0.07432432432432433 0.033783783783783786 0.033783783783783786 0.033783783783783786 0.033783783783783786 0.1554054054054054 0.033783783783783786 0.0472972972972973 0.060810810810810814 0.0472972972972973 0.060810810810810814 0.0472972972972973 0.07432432432432433 0.0472972972972973 0.033783783783783786 0.033783783783783786 0.033783783783783786 0.033783783783783786 0.0472972972972973 
0.022123893805309734 0.048672566371681415 0.0752212389380531 0.030973451327433628 0.030973451327433628 0.030973451327433628 0.09292035398230089 0.030973451327433628 0.05752212389380531 0.0752212389380531 0.084070796460177 0.030973451327433628 0.030973451327433628 0.05752212389380531 0.030973451327433628 0.030973451327433628 0.05752212389380531 0.084070796460177 0.022123893805309734 0.0752212389380531 
0.024752475247524754 0.024752475247524754 0.034653465346534656 0.024752475247524754 0.29207920792079206 0.024752475247524754 0.054455445544554455 0.024752475247524754 0.054455445544554455 0.034653465346534656 0.054455445544554455 0.024752475247524754 0.024752475247524754 0.08415841584158416 0.034653465346534656 0.024752475247524754 0.024752475247524754 0.034653465346534656 0.024752475247524754 0.07425742574257425 
0.029411764705882353 0.1 0.029411764705882353 0.08823529411764706 0.041176470588235294 0.029411764705882353 0.11176470588235295 0.029411764705882353 0.029411764705882353 0.11176470588235295 0.041176470588235294 0.029411764705882353 0.029411764705882353 0.06470588235294118 0.052941176470588235 0.041176470588235294 0.029411764705882353 0.041176470588235294 0.041176470588235294 0.029411764705882353 
0.026923076923076925 0.07307692307692308 0.03461538461538462 0.06538461538461539 0.026923076923076925 0.03461538461538462 0.3346153846153846 0.026923076923076925 0.019230769230769232 0.06538461538461539 0.019230769230769232 0.019230769230769232 0.057692307692307696 0.026923076923076925 0.04230769230769231 0.026923076923076925 0.019230769230769232 0.026923076923076925 0.019230769230769232 0.03461538461538462 
0.021367521367521368 0.12393162393162394 0.029914529914529916 0.0641025641025641 0.038461538461538464 0.021367521367521368 0.25213675213675213 0.021367521367521368 0.029914529914529916 0.04700854700854701 0.029914529914529916 0.021367521367521368 0.038461538461538464 0.029914529914529916 0.021367521367521368 0.021367521367521368 0.021367521367521368 0.0641025641025641 0.038461538461538464 0.0641025641025641 
0.03125 0.03125 0.04375 0.03125 0.03125 0.03125 0.09375 0.03125 0.04375 0.05625 0.04375 0.03125 0.04375 0.03125 0.26875 0.03125 0.03125 0.03125 0.03125 0.03125 
0.024509803921568627 0.10294117647058823 0.024509803921568627 0.024509803921568627 0.05392156862745098 0.06372549019607843 0.08333333333333333 0.03431372549019608 0.03431372549019608 0.06372549019607843 0.03431372549019608 0.024509803921568627 0.024509803921568627 0.03431372549019608 0.2107843137254902 0.04411764705882353 0.024509803921568627 0.024509803921568627 0.04411764705882353 0.024509803921568627 
0.01968503937007874 0.027559055118110236 0.027559055118110236 0.01968503937007874 0.027559055118110236 0.01968503937007874 0.23228346456692914 0.04330708661417323 0.03543307086614173 0.051181102362204724 0.01968503937007874 0.03543307086614173 0.027559055118110236 0.027559055118110236 0.2559055118110236 0.01968503937007874 0.051181102362204724 0.01968503937007874 0.01968503937007874 0.01968503937007874 
0.02631578947368421 0.02631578947368421 0.03684210526315789 0.02631578947368421 0.05789473684210526 0.04736842105263158 0.03684210526315789 0.02631578947368421 0.03684210526315789 0.02631578947368421 0.05789473684210526 0.02631578947368421 0.03684210526315789 0.04736842105263158 0.2894736842105263 0.02631578947368421 0.07894736842105263 0.02631578947368421 0.03684210526315789 0.02631578947368421 
0.02252252252252252 0.03153153153153153 0.03153153153153153 0.05855855855855856 0.03153153153153153 0.03153153153153153 0.07657657657657657 0.02252252252252252 0.02252252252252252 0.04054054054054054 0.03153153153153153 0.02252252252252252 0.03153153153153153 0.06756756756756757 0.28378378378378377 0.02252252252252252 0.03153153153153153 0.04954954954954955 0.04954954954954955 0.04054054054054054 
0.029411764705882353 0.029411764705882353 0.041176470588235294 0.029411764705882353 0.029411764705882353 0.029411764705882353 0.052941176470588235 0.029411764705882353 0.1588235294117647 0.029411764705882353 0.041176470588235294 0.029411764705882353 0.041176470588235294 0.029411764705882353 0.2411764705882353 0.029411764705882353 0.041176470588235294 0.029411764705882353 0.029411764705882353 0.029411764705882353 
0.02066115702479339 0.09504132231404959 0.028925619834710745 0.028925619834710745 0.0371900826446281 0.0371900826446281 0.15289256198347106 0.02066115702479339 0.02066115702479339 0.028925619834710745 0.05371900826446281 0.02066115702479339 0.0371900826446281 0.028925619834710745 0.24380165289256198 0.02066115702479339 0.02066115702479339 0.0371900826446281 0.0371900826446281 0.028925619834710745 
0.04205607476635514 0.04205607476635514 0.02336448598130841 0.04205607476635514 0.02336448598130841 0.02336448598130841 0.09813084112149532 0.02336448598130841 0.03271028037383177 0.04205607476635514 0.02336448598130841 0.0514018691588785 0.07009345794392523 0.06074766355140187 0.0514018691588785 0.06074766355140187 0.02336448598130841 0.20093457943925233 0.02336448598130841 0.04205607476635514 
0.029069767441860465 0.05232558139534884 0.040697674418604654 0.029069767441860465 0.029069767441860465 0.09883720930232558 0.05232558139534884 0.029069767441860465 0.029069767441860465 0.029069767441860465 0.029069767441860465 0.040697674418604654 0.05232558139534884 0.0755813953488372 0.06395348837209303 0.040697674418604654 0.029069767441860465 0.14534883720930233 0.040697674418604654 0.06395348837209303 
0.0375 0.07916666666666666 0.020833333333333332 0.0375 0.029166666666666667 0.029166666666666667 0.09583333333333334 0.029166666666666667 0.020833333333333332 0.0375 0.0375 0.020833333333333332 0.029166666666666667 0.07916666666666666 0.04583333333333333 0.029166666666666667 0.029166666666666667 0.1875 0.0625 0.0625 
0.027472527472527472 0.06043956043956044 0.027472527472527472 0.027472527472527472 0.038461538461538464 0.027472527472527472 0.2032967032967033 0.027472527472527472 0.027472527472527472 0.07142857142857142 0.038461538461538464 0.027472527472527472 0.07142857142857142 0.08241758241758242 0.038461538461538464 0.06043956043956044 0.04945054945054945 0.038461538461538464 0.027472527472527472 0.027472527472527472 
0.030120481927710843 0.05421686746987952 0.030120481927710843 0.04216867469879518 0.030120481927710843 0.04216867469879518 0.23493975903614459 0.030120481927710843 0.030120481927710843 0.06626506024096386 0.030120481927710843 0.030120481927710843 0.10240963855421686 0.04216867469879518 0.030120481927710843 0.030120481927710843 0.030120481927710843 0.030120481927710843 0.030120481927710843 0.05421686746987952 
0.02 0.076 0.02 0.02 0.028 0.02 0.332 0.02 0.02 0.124 0.036 0.028 0.068 0.028 0.028 0.028 0.028 0.02 0.036 0.02 
0.023809523809523808 0.04285714285714286 0.023809523809523808 0.03333333333333333 0.023809523809523808 0.03333333333333333 0.28095238095238095 0.023809523809523808 0.03333333333333333 0.09047619047619047 0.04285714285714286 0.03333333333333333 0.06190476190476191 0.04285714285714286 0.03333333333333333 0.023809523809523808 0.023809523809523808 0.03333333333333333 0.03333333333333333 0.06190476190476191 
0.028089887640449437 0.12921348314606743 0.028089887640449437 0.05056179775280899 0.03932584269662921 0.05056179775280899 0.15168539325842698 0.028089887640449437 0.028089887640449437 0.028089887640449437 0.028089887640449437 0.028089887640449437 0.07303370786516854 0.06179775280898876 0.03932584269662921 0.028089887640449437 0.028089887640449437 0.028089887640449437 0.03932584269662921 0.08426966292134831 
0.028735632183908046 0.08620689655172414 0.028735632183908046 0.028735632183908046 0.028735632183908046 0.028735632183908046 0.10919540229885058 0.028735632183908046 0.028735632183908046 0.05172413793103448 0.028735632183908046 0.040229885057471264 0.20114942528735633 0.09770114942528736 0.040229885057471264 0.028735632183908046 0.028735632183908046 0.028735632183908046 0.028735632183908046 0.028735632183908046 
0.022935779816513763 0.03211009174311927 0.03211009174311927 0.03211009174311927 0.022935779816513763 0.022935779816513763 0.25229357798165136 0.022935779816513763 0.05963302752293578 0.05045871559633028 0.03211009174311927 0.03211009174311927 0.10550458715596331 0.03211009174311927 0.04128440366972477 0.04128440366972477 0.03211009174311927 0.03211009174311927 0.05045871559633028 0.05045871559633028 
0.04375 0.06875 0.03125 0.05625 0.03125 0.04375 0.23125 0.03125 0.03125 0.03125 0.03125 0.03125 0.06875 0.03125 0.03125 0.03125 0.03125 0.05625 0.05625 0.03125 
0.032407407407407406 0.06944444444444445 0.041666666666666664 0.041666666666666664 0.023148148148148147 0.13425925925925927 0.20833333333333334 0.023148148148148147 0.032407407407407406 0.06944444444444445 0.041666666666666664 0.041666666666666664 0.023148148148148147 0.023148148148148147 0.032407407407407406 0.023148148148148147 0.032407407407407406 0.041666666666666664 0.032407407407407406 0.032407407407407406 
0.02631578947368421 0.06842105263157895 0.03684210526315789 0.05789473684210526 0.03684210526315789 0.05789473684210526 0.3 0.02631578947368421 0.02631578947368421 0.03684210526315789 0.03684210526315789 0.03684210526315789 0.03684210526315789 0.02631578947368421 0.03684210526315789 0.02631578947368421 0.02631578947368421 0.03684210526315789 0.03684210526315789 0.02631578947368421 
0.028225806451612902 0.10080645161290322 0.020161290322580645 0.04435483870967742 0.028225806451612902 0.05241935483870968 0.2862903225806452 0.020161290322580645 0.036290322580645164 0.020161290322580645 0.028225806451612902 0.028225806451612902 0.036290322580645164 0.028225806451612902 0.06048387096774194 0.028225806451612902 0.036290322580645164 0.036290322580645164 0.05241935483870968 0.028225806451612902 
0.032407407407407406 0.05092592592592592 0.05092592592592592 0.023148148148148147 0.032407407407407406 0.023148148148148147 0.18055555555555555 0.023148148148148147 0.023148148148148147 0.16203703703703703 0.05092592592592592 0.032407407407407406 0.032407407407407406 0.032407407407407406 0.06944444444444445 0.023148148148148147 0.041666666666666664 0.032407407407407406 0.023148148148148147 0.06018518518518518 
0.028735632183908046 0.05172413793103448 0.028735632183908046 0.07471264367816093 0.028735632183908046 0.028735632183908046 0.22413793103448276 0.028735632183908046 0.028735632183908046 0.028735632183908046 0.05172413793103448 0.028735632183908046 0.05172413793103448 0.040229885057471264 0.028735632183908046 0.05172413793103448 0.040229885057471264 0.05172413793103448 0.06321839080459771 0.040229885057471264 
0.025252525252525252 0.07575757575757576 0.03535353535353535 0.025252525252525252 0.025252525252525252 0.025252525252525252 0.3181818181818182 0.025252525252525252 0.025252525252525252 0.025252525252525252 0.07575757575757576 0.03535353535353535 0.025252525252525252 0.045454545454545456 0.025252525252525252 0.045454545454545456 0.03535353535353535 0.025252525252525252 0.05555555555555555 0.025252525252525252 
0.026595744680851064 0.026595744680851064 0.047872340425531915 0.03723404255319149 0.03723404255319149 0.06914893617021277 0.17553191489361702 0.026595744680851064 0.03723404255319149 0.03723404255319149 0.06914893617021277 0.026595744680851064 0.0797872340425532 0.05851063829787234 0.05851063829787234 0.026595744680851064 0.03723404255319149 0.03723404255319149 0.03723404255319149 0.047872340425531915 
0.05844155844155844 0.045454545454545456 0.032467532467532464 0.032467532467532464 0.032467532467532464 0.045454545454545456 0.13636363636363635 0.032467532467532464 0.045454545454545456 0.032467532467532464 0.032467532467532464 0.032467532467532464 0.17532467532467533 0.05844155844155844 0.045454545454545456 0.032467532467532464 0.032467532467532464 0.032467532467532464 0.032467532467532464 0.032467532467532464 
0.03932584269662921 0.028089887640449437 0.028089887640449437 0.028089887640449437 0.05056179775280899 0.028089887640449437 0.12921348314606743 0.028089887640449437 0.03932584269662921 0.028089887640449437 0.028089887640449437 0.028089887640449437 0.19662921348314608 0.06179775280898876 0.03932584269662921 0.03932584269662921 0.03932584269662921 0.028089887640449437 0.06179775280898876 0.05056179775280899 
0.02734375 0.03515625 0.01953125 0.01953125 0.03515625 0.07421875 0.13671875 0.02734375 0.02734375 0.01953125 0.02734375 0.02734375 0.21484375 0.05859375 0.06640625 0.02734375 0.01953125 0.04296875 0.02734375 0.06640625 
0.026041666666666668 0.057291666666666664 0.036458333333333336 0.046875 0.036458333333333336 0.046875 0.21354166666666666 0.026041666666666668 0.036458333333333336 0.08854166666666667 0.036458333333333336 0.026041666666666668 0.057291666666666664 0.026041666666666668 0.036458333333333336 0.026041666666666668 0.036458333333333336 0.046875 0.026041666666666668 0.06770833333333333 
0.02976190476190476 0.10119047619047619 0.02976190476190476 0.06547619047619048 0.041666666666666664 0.041666666666666664 0.13690476190476192 0.02976190476190476 0.02976190476190476 0.1130952380952381 0.041666666666666664 0.02976190476190476 0.06547619047619048 0.041666666666666664 0.02976190476190476 0.02976190476190476 0.02976190476190476 0.02976190476190476 0.041666666666666664 0.041666666666666664 
0.028089887640449437 0.05056179775280899 0.028089887640449437 0.03932584269662921 0.028089887640449437 0.028089887640449437 0.09550561797752809 0.028089887640449437 0.09550561797752809 0.15168539325842698 0.03932584269662921 0.028089887640449437 0.028089887640449437 0.03932584269662921 0.03932584269662921 0.028089887640449437 0.028089887640449437 0.06179775280898876 0.07303370786516854 0.06179775280898876 
0.030864197530864196 0.05555555555555555 0.030864197530864196 0.030864197530864196 0.030864197530864196 0.030864197530864196 0.22839506172839505 0.030864197530864196 0.05555555555555555 0.06790123456790123 0.030864197530864196 0.030864197530864196 0.05555555555555555 0.030864197530864196 0.043209876543209874 0.030864197530864196 0.030864197530864196 0.030864197530864196 0.05555555555555555 0.06790123456790123 
0.042682926829268296 0.03048780487804878 0.03048780487804878 0.03048780487804878 0.03048780487804878 0.042682926829268296 0.3597560975609756 0.03048780487804878 0.042682926829268296 0.042682926829268296 0.03048780487804878 0.03048780487804878 0.03048780487804878 0.03048780487804878 0.03048780487804878 0.03048780487804878 0.03048780487804878 0.03048780487804878 0.03048780487804878 0.042682926829268296 
0.027777777777777776 0.06111111111111111 0.027777777777777776 0.05 0.027777777777777776 0.10555555555555556 0.20555555555555555 0.027777777777777776 0.03888888888888889 0.027777777777777776 0.027777777777777776 0.027777777777777776 0.09444444444444444 0.03888888888888889 0.027777777777777776 0.027777777777777776 0.027777777777777776 0.027777777777777776 0.03888888888888889 0.06111111111111111 
0.028455284552845527 0.02032520325203252 0.02032520325203252 0.036585365853658534 0.02032520325203252 0.052845528455284556 0.47560975609756095 0.02032520325203252 0.044715447154471545 0.028455284552845527 0.02032520325203252 0.02032520325203252 0.036585365853658534 0.036585365853658534 0.02032520325203252 0.02032520325203252 0.02032520325203252 0.028455284552845527 0.02032520325203252 0.028455284552845527 
0.024752475247524754 0.034653465346534656 0.054455445544554455 0.034653465346534656 0.04455445544554455 0.07425742574257425 0.29207920792079206 0.024752475247524754 0.024752475247524754 0.034653465346534656 0.034653465346534656 0.024752475247524754 0.024752475247524754 0.034653465346534656 0.034653465346534656 0.04455445544554455 0.024752475247524754 0.034653465346534656 0.07425742574257425 0.024752475247524754 
0.03365384615384615 0.07211538461538461 0.03365384615384615 0.03365384615384615 0.02403846153846154 0.03365384615384615 0.3701923076923077 0.02403846153846154 0.03365384615384615 0.03365384615384615 0.03365384615384615 0.03365384615384615 0.04326923076923077 0.02403846153846154 0.03365384615384615 0.03365384615384615 0.02403846153846154 0.02403846153846154 0.03365384615384615 0.02403846153846154 
0.027777777777777776 0.03888888888888889 0.03888888888888889 0.027777777777777776 0.05 0.07222222222222222 0.3055555555555556 0.027777777777777776 0.05 0.027777777777777776 0.027777777777777776 0.027777777777777776 0.03888888888888889 0.03888888888888889 0.05 0.027777777777777776 0.027777777777777776 0.027777777777777776 0.03888888888888889 0.027777777777777776 
0.02358490566037736 0.04245283018867924 0.05188679245283019 0.0330188679245283 0.02358490566037736 0.08018867924528301 0.25 0.02358490566037736 0.02358490566037736 0.04245283018867924 0.05188679245283019 0.04245283018867924 0.06132075471698113 0.04245283018867924 0.02358490566037736 0.05188679245283019 0.02358490566037736 0.04245283018867924 0.02358490566037736 0.04245283018867924 
