0.02403846153846154 0.0625 0.0625 0.08173076923076923 0.04326923076923077 0.04326923076923077 0.20673076923076922 0.02403846153846154 0.02403846153846154 0.04326923076923077 0.04326923076923077 0.03365384615384615 0.03365384615384615 0.052884615384615384 0.04326923076923077 0.02403846153846154 0.04326923076923077 0.052884615384615384 0.02403846153846154 0.03365384615384615 
0.026041666666666668 0.046875 0.026041666666666668 0.057291666666666664 0.036458333333333336 0.046875 0.19270833333333334 0.026041666666666668 0.046875 0.109375 0.036458333333333336 0.026041666666666668 0.046875 0.026041666666666668 0.046875 0.026041666666666668 0.036458333333333336 0.046875 0.036458333333333336 0.057291666666666664 
0.024509803921568627 0.024509803921568627 0.024509803921568627 0.04411764705882353 0.03431372549019608 0.04411764705882353 0.15196078431372548 0.024509803921568627 0.2107843137254902 0.09313725490196079 0.024509803921568627 0.03431372549019608 0.04411764705882353 0.03431372549019608 0.05392156862745098 0.024509803921568627 0.024509803921568627 0.03431372549019608 0.024509803921568627 0.024509803921568627 
0.040229885057471264 0.040229885057471264 0.040229885057471264 0.10919540229885058 0.06321839080459771 0.05172413793103448 0.14367816091954022 0.028735632183908046 0.07471264367816093 0.028735632183908046 0.040229885057471264 0.040229885057471264 0.028735632183908046 0.07471264367816093 0.028735632183908046 0.028735632183908046 0.028735632183908046 0.05172413793103448 0.028735632183908046 0.028735632183908046 
0.032407407407407406 0.041666666666666664 0.023148148148148147 0.023148148148148147 0.032407407407407406 0.05092592592592592 0.10648148148148148 0.023148148148148147 0.3101851851851852 0.041666666666666664 0.023148148148148147 0.023148148148148147 0.05092592592592592 0.032407407407407406 0.032407407407407406 0.032407407407407406 0.023148148148148147 0.032407407407407406 0.032407407407407406 0.032407407407407406 
0.042682926829268296 0.042682926829268296 0.03048780487804878 0.054878048780487805 0.06707317073170732 0.03048780487804878 0.03048780487804878 0.03048780487804878 0.23780487804878048 0.042682926829268296 0.03048780487804878 0.054878048780487805 0.03048780487804878 0.07926829268292683 0.03048780487804878 0.03048780487804878 0.042682926829268296 0.03048780487804878 0.03048780487804878 0.03048780487804878 
0.042682926829268296 0.07926829268292683 0.03048780487804878 0.042682926829268296 0.03048780487804878 0.054878048780487805 0.03048780487804878 0.03048780487804878 0.18902439024390244 0.03048780487804878 0.03048780487804878 0.054878048780487805 0.042682926829268296 0.054878048780487805 0.03048780487804878 0.03048780487804878 0.10365853658536585 0.03048780487804878 0.03048780487804878 0.03048780487804878 
0.03431372549019608 0.024509803921568627 0.024509803921568627 0.024509803921568627 0.03431372549019608 0.024509803921568627 0.16176470588235295 0.024509803921568627 0.25980392156862747 0.05392156862745098 0.024509803921568627 0.024509803921568627 0.06372549019607843 0.024509803921568627 0.04411764705882353 0.03431372549019608 0.024509803921568627 0.03431372549019608 0.03431372549019608 0.024509803921568627 
0.03125 0.04017857142857143 0.03125 0.04017857142857143 0.03125 0.022321428571428572 0.36160714285714285 0.04017857142857143 0.022321428571428572 0.05803571428571429 0.022321428571428572 0.022321428571428572 0.04017857142857143 0.049107142857142856 0.022321428571428572 0.022321428571428572 0.022321428571428572 0.03125 0.03125 0.05803571428571429 
0.03932584269662921 0.028089887640449437 0.028089887640449437 0.028089887640449437 0.03932584269662921 0.03932584269662921 0.38764044943820225 0.028089887640449437 0.028089887640449437 0.028089887640449437 0.05056179775280899 0.03932584269662921 0.028089887640449437 0.028089887640449437 0.028089887640449437 0.028089887640449437 0.028089887640449437 0.028089887640449437 0.028089887640449437 0.03932584269662921 
0.04961832061068702 0.04198473282442748 0.05725190839694656 0.0648854961832061 0.0648854961832061 0.04961832061068702 0.08015267175572519 0.019083969465648856 0.17938931297709923 0.026717557251908396 0.019083969465648856 0.11068702290076336 0.03435114503816794 0.019083969465648856 0.03435114503816794 0.04961832061068702 0.03435114503816794 0.019083969465648856 0.026717557251908396 0.019083969465648856 
0.046610169491525424 0.038135593220338986 0.038135593220338986 0.038135593220338986 0.029661016949152543 0.0211864406779661 0.046610169491525424 0.21610169491525424 0.046610169491525424 0.038135593220338986 0.038135593220338986 0.1228813559322034 0.038135593220338986 0.029661016949152543 0.029661016949152543 0.0211864406779661 0.046610169491525424 0.029661016949152543 0.029661016949152543 0.05508474576271186 
0.032846715328467155 0.05474452554744526 0.032846715328467155 0.025547445255474453 0.040145985401459854 0.025547445255474453 0.06204379562043796 0.17883211678832117 0.04744525547445255 0.07664233576642336 0.040145985401459854 0.08394160583941605 0.040145985401459854 0.05474452554744526 0.05474452554744526 0.04744525547445255 0.01824817518248175 0.040145985401459854 0.025547445255474453 0.01824817518248175 
0.04017857142857143 0.049107142857142856 0.022321428571428572 0.10267857142857142 0.03125 0.03125 0.022321428571428572 0.08482142857142858 0.05803571428571429 0.022321428571428572 0.03125 0.20089285714285715 0.08482142857142858 0.022321428571428572 0.05803571428571429 0.03125 0.03125 0.022321428571428572 0.022321428571428572 0.03125 
0.06321839080459771 0.07471264367816093 0.05172413793103448 0.05172413793103448 0.028735632183908046 0.040229885057471264 0.040229885057471264 0.06321839080459771 0.040229885057471264 0.040229885057471264 0.028735632183908046 0.15517241379310345 0.06321839080459771 0.05172413793103448 0.028735632183908046 0.040229885057471264 0.028735632183908046 0.040229885057471264 0.040229885057471264 0.028735632183908046 
0.026041666666666668 0.06770833333333333 0.036458333333333336 0.11979166666666667 0.036458333333333336 0.036458333333333336 0.026041666666666668 0.078125 0.078125 0.046875 0.036458333333333336 0.140625 0.026041666666666668 0.06770833333333333 0.036458333333333336 0.026041666666666668 0.026041666666666668 0.026041666666666668 0.036458333333333336 0.026041666666666668 
0.02358490566037736 0.0330188679245283 0.02358490566037736 0.0330188679245283 0.0330188679245283 0.05188679245283019 0.08018867924528301 0.0330188679245283 0.3443396226415094 0.05188679245283019 0.02358490566037736 0.02358490566037736 0.04245283018867924 0.0330188679245283 0.04245283018867924 0.02358490566037736 0.02358490566037736 0.02358490566037736 0.0330188679245283 0.02358490566037736 
0.01953125 0.02734375 0.01953125 0.04296875 0.02734375 0.02734375 0.03515625 0.01953125 0.44140625 0.02734375 0.05078125 0.02734375 0.05078125 0.03515625 0.01953125 0.02734375 0.02734375 0.02734375 0.01953125 0.02734375 
0.029661016949152543 0.0211864406779661 0.038135593220338986 0.038135593220338986 0.029661016949152543 0.046610169491525424 0.1059322033898305 0.0211864406779661 0.2669491525423729 0.05508474576271186 0.0211864406779661 0.0635593220338983 0.09745762711864407 0.029661016949152543 0.0211864406779661 0.0211864406779661 0.0211864406779661 0.0211864406779661 0.0211864406779661 0.029661016949152543 
0.02066115702479339 0.07851239669421488 0.02066115702479339 0.02066115702479339 0.0371900826446281 0.02066115702479339 0.08677685950413223 0.02066115702479339 0.30165289256198347 0.045454545454545456 0.02066115702479339 0.028925619834710745 0.06198347107438017 0.05371900826446281 0.028925619834710745 0.05371900826446281 0.02066115702479339 0.02066115702479339 0.028925619834710745 0.028925619834710745 
0.024509803921568627 0.06372549019607843 0.024509803921568627 0.03431372549019608 0.06372549019607843 0.03431372549019608 0.03431372549019608 0.024509803921568627 0.23039215686274508 0.05392156862745098 0.03431372549019608 0.03431372549019608 0.03431372549019608 0.024509803921568627 0.03431372549019608 0.05392156862745098 0.04411764705882353 0.03431372549019608 0.05392156862745098 0.06372549019607843 
0.018518518518518517 0.07037037037037037 0.07037037037037037 0.03333333333333333 0.06296296296296296 0.040740740740740744 0.04814814814814815 0.025925925925925925 0.13703703703703704 0.07037037037037037 0.018518518518518517 0.03333333333333333 0.1 0.040740740740740744 0.06296296296296296 0.018518518518518517 0.040740740740740744 0.03333333333333333 0.04814814814814815 0.025925925925925925 
0.030973451327433628 0.0752212389380531 0.048672566371681415 0.022123893805309734 0.022123893805309734 0.03982300884955752 0.03982300884955752 0.022123893805309734 0.22566371681415928 0.09292035398230089 0.03982300884955752 0.022123893805309734 0.030973451327433628 0.03982300884955752 0.048672566371681415 0.03982300884955752 0.022123893805309734 0.030973451327433628 0.030973451327433628 0.0752212389380531 
0.036458333333333336 0.08854166666666667 0.057291666666666664 0.026041666666666668 0.036458333333333336 0.046875 0.036458333333333336 0.026041666666666668 0.140625 0.026041666666666668 0.026041666666666668 0.06770833333333333 0.078125 0.036458333333333336 0.06770833333333333 0.057291666666666664 0.036458333333333336 0.026041666666666668 0.057291666666666664 0.026041666666666668 
0.030973451327433628 0.0752212389380531 0.022123893805309734 0.022123893805309734 0.09292035398230089 0.03982300884955752 0.05752212389380531 0.03982300884955752 0.11946902654867257 0.05752212389380531 0.030973451327433628 0.030973451327433628 0.03982300884955752 0.022123893805309734 0.0752212389380531 0.06637168141592921 0.03982300884955752 0.030973451327433628 0.030973451327433628 0.0752212389380531 
0.03125 0.022321428571428572 0.022321428571428572 0.049107142857142856 0.03125 0.049107142857142856 0.06696428571428571 0.022321428571428572 0.33482142857142855 0.049107142857142856 0.04017857142857143 0.022321428571428572 0.022321428571428572 0.04017857142857143 0.03125 0.03125 0.022321428571428572 0.04017857142857143 0.04017857142857143 0.03125 
0.018796992481203006 0.03383458646616541 0.03383458646616541 0.07894736842105263 0.018796992481203006 0.04887218045112782 0.041353383458646614 0.018796992481203006 0.424812030075188 0.02631578947368421 0.03383458646616541 0.018796992481203006 0.02631578947368421 0.018796992481203006 0.02631578947368421 0.03383458646616541 0.02631578947368421 0.02631578947368421 0.018796992481203006 0.02631578947368421 
0.038461538461538464 0.021367521367521368 0.038461538461538464 0.13247863247863248 0.029914529914529916 0.038461538461538464 0.029914529914529916 0.029914529914529916 0.2863247863247863 0.021367521367521368 0.029914529914529916 0.0811965811965812 0.021367521367521368 0.04700854700854701 0.021367521367521368 0.021367521367521368 0.029914529914529916 0.021367521367521368 0.021367521367521368 0.038461538461538464 
0.022123893805309734 0.022123893805309734 0.030973451327433628 0.03982300884955752 0.022123893805309734 0.048672566371681415 0.084070796460177 0.022123893805309734 0.3407079646017699 0.05752212389380531 0.022123893805309734 0.03982300884955752 0.05752212389380531 0.030973451327433628 0.022123893805309734 0.030973451327433628 0.022123893805309734 0.022123893805309734 0.03982300884955752 0.022123893805309734 
0.029411764705882353 0.029411764705882353 0.029411764705882353 0.07647058823529412 0.029411764705882353 0.08823529411764706 0.06470588235294118 0.041176470588235294 0.20588235294117646 0.052941176470588235 0.029411764705882353 0.041176470588235294 0.041176470588235294 0.029411764705882353 0.029411764705882353 0.041176470588235294 0.041176470588235294 0.029411764705882353 0.029411764705882353 0.041176470588235294 
0.023809523809523808 0.1 0.03333333333333333 0.08095238095238096 0.03333333333333333 0.06190476190476191 0.03333333333333333 0.023809523809523808 0.16666666666666666 0.05238095238095238 0.023809523809523808 0.023809523809523808 0.06190476190476191 0.023809523809523808 0.04285714285714286 0.04285714285714286 0.023809523809523808 0.03333333333333333 0.08095238095238096 0.03333333333333333 
0.022935779816513763 0.022935779816513763 0.04128440366972477 0.04128440366972477 0.022935779816513763 0.022935779816513763 0.04128440366972477 0.022935779816513763 0.22477064220183487 0.04128440366972477 0.022935779816513763 0.0779816513761468 0.03211009174311927 0.022935779816513763 0.05045871559633028 0.16055045871559634 0.04128440366972477 0.022935779816513763 0.03211009174311927 0.03211009174311927 
0.04430379746835443 0.03164556962025317 0.04430379746835443 0.04430379746835443 0.0949367088607595 0.06962025316455696 0.056962025316455694 0.03164556962025317 0.10759493670886076 0.03164556962025317 0.03164556962025317 0.03164556962025317 0.056962025316455694 0.03164556962025317 0.08227848101265822 0.056962025316455694 0.03164556962025317 0.03164556962025317 0.056962025316455694 0.03164556962025317 
0.025 0.045 0.025 0.025 0.025 0.095 0.065 0.035 0.155 0.045 0.125 0.045 0.035 0.065 0.025 0.025 0.045 0.025 0.025 0.045 
0.022123893805309734 0.048672566371681415 0.022123893805309734 0.05752212389380531 0.030973451327433628 0.030973451327433628 0.12831858407079647 0.022123893805309734 0.2345132743362832 0.03982300884955752 0.030973451327433628 0.022123893805309734 0.03982300884955752 0.030973451327433628 0.05752212389380531 0.030973451327433628 0.022123893805309734 0.022123893805309734 0.05752212389380531 0.048672566371681415 
0.022321428571428572 0.03125 0.022321428571428572 0.022321428571428572 0.022321428571428572 0.04017857142857143 0.12946428571428573 0.03125 0.35267857142857145 0.06696428571428571 0.022321428571428572 0.022321428571428572 0.04017857142857143 0.022321428571428572 0.022321428571428572 0.03125 0.022321428571428572 0.03125 0.022321428571428572 0.022321428571428572 
0.03017241379310345 0.021551724137931036 0.021551724137931036 0.021551724137931036 0.021551724137931036 0.03879310344827586 0.06465517241379311 0.021551724137931036 0.30603448275862066 0.03879310344827586 0.03017241379310345 0.021551724137931036 0.06465517241379311 0.04741379310344827 0.03017241379310345 0.021551724137931036 0.06465517241379311 0.04741379310344827 0.03879310344827586 0.04741379310344827 
0.027777777777777776 0.027777777777777776 0.03888888888888889 0.03888888888888889 0.027777777777777776 0.08333333333333333 0.06111111111111111 0.027777777777777776 0.22777777777777777 0.05 0.027777777777777776 0.06111111111111111 0.05 0.027777777777777776 0.05 0.027777777777777776 0.027777777777777776 0.027777777777777776 0.05 0.03888888888888889 
0.03763440860215054 0.026881720430107527 0.026881720430107527 0.04838709677419355 0.026881720430107527 0.05913978494623656 0.11290322580645161 0.04838709677419355 0.22043010752688172 0.05913978494623656 0.026881720430107527 0.026881720430107527 0.03763440860215054 0.04838709677419355 0.03763440860215054 0.03763440860215054 0.026881720430107527 0.026881720430107527 0.03763440860215054 0.026881720430107527 
0.025510204081632654 0.025510204081632654 0.025510204081632654 0.025510204081632654 0.03571428571428571 0.05612244897959184 0.05612244897959184 0.025510204081632654 0.17857142857142858 0.07653061224489796 0.04591836734693878 0.025510204081632654 0.0663265306122449 0.05612244897959184 0.03571428571428571 0.05612244897959184 0.04591836734693878 0.03571428571428571 0.04591836734693878 0.05612244897959184 
0.024271844660194174 0.024271844660194174 0.024271844660194174 0.024271844660194174 0.05339805825242718 0.024271844660194174 0.25728155339805825 0.03398058252427184 0.18932038834951456 0.03398058252427184 0.024271844660194174 0.024271844660194174 0.05339805825242718 0.03398058252427184 0.03398058252427184 0.024271844660194174 0.024271844660194174 0.03398058252427184 0.024271844660194174 0.03398058252427184 
0.021929824561403508 0.05701754385964912 0.03070175438596491 0.039473684210526314 0.03070175438596491 0.039473684210526314 0.33771929824561403 0.021929824561403508 0.039473684210526314 0.039473684210526314 0.021929824561403508 0.039473684210526314 0.05701754385964912 0.05701754385964912 0.021929824561403508 0.021929824561403508 0.021929824561403508 0.03070175438596491 0.04824561403508772 0.021929824561403508 
0.034722222222222224 0.034722222222222224 0.034722222222222224 0.034722222222222224 0.0625 0.034722222222222224 0.24305555555555555 0.034722222222222224 0.034722222222222224 0.034722222222222224 0.04861111111111111 0.034722222222222224 0.0625 0.04861111111111111 0.034722222222222224 0.034722222222222224 0.034722222222222224 0.034722222222222224 0.034722222222222224 0.04861111111111111 
0.03271028037383177 0.02336448598130841 0.02336448598130841 0.02336448598130841 0.03271028037383177 0.02336448598130841 0.10747663551401869 0.02336448598130841 0.2102803738317757 0.07009345794392523 0.02336448598130841 0.09813084112149532 0.07009345794392523 0.04205607476635514 0.02336448598130841 0.02336448598130841 0.02336448598130841 0.03271028037383177 0.06074766355140187 0.03271028037383177 
0.052884615384615384 0.02403846153846154 0.02403846153846154 0.02403846153846154 0.02403846153846154 0.03365384615384615 0.03365384615384615 0.03365384615384615 0.03365384615384615 0.1201923076923077 0.02403846153846154 0.10096153846153846 0.07211538461538461 0.20673076923076922 0.03365384615384615 0.052884615384615384 0.02403846153846154 0.02403846153846154 0.03365384615384615 0.02403846153846154 
0.024509803921568627 0.024509803921568627 0.03431372549019608 0.03431372549019608 0.04411764705882353 0.03431372549019608 0.03431372549019608 0.024509803921568627 0.07352941176470588 0.024509803921568627 0.03431372549019608 0.2696078431372549 0.10294117647058823 0.024509803921568627 0.04411764705882353 0.03431372549019608 0.024509803921568627 0.04411764705882353 0.04411764705882353 0.024509803921568627 
0.05844155844155844 0.05844155844155844 0.032467532467532464 0.032467532467532464 0.045454545454545456 0.032467532467532464 0.09740259740259741 0.032467532467532464 0.045454545454545456 0.14935064935064934 0.032467532467532464 0.045454545454545456 0.045454545454545456 0.032467532467532464 0.032467532467532464 0.032467532467532464 0.032467532467532464 0.05844155844155844 0.07142857142857142 0.032467532467532464 
0.03289473684210526 0.03289473684210526 0.03289473684210526 0.03289473684210526 0.046052631578947366 0.046052631578947366 0.20394736842105263 0.03289473684210526 0.03289473684210526 0.05921052631578947 0.03289473684210526 0.03289473684210526 0.05921052631578947 0.046052631578947366 0.046052631578947366 0.03289473684210526 0.03289473684210526 0.03289473684210526 0.07236842105263158 0.05921052631578947 
0.03676470588235294 0.03676470588235294 0.051470588235294115 0.03676470588235294 0.03676470588235294 0.03676470588235294 0.21323529411764705 0.03676470588235294 0.03676470588235294 0.0661764705882353 0.03676470588235294 0.03676470588235294 0.03676470588235294 0.051470588235294115 0.03676470588235294 0.03676470588235294 0.03676470588235294 0.03676470588235294 0.0661764705882353 0.03676470588235294 
0.03289473684210526 0.046052631578947366 0.03289473684210526 0.03289473684210526 0.03289473684210526 0.07236842105263158 0.1513157894736842 0.03289473684210526 0.046052631578947366 0.09868421052631579 0.03289473684210526 0.046052631578947366 0.046052631578947366 0.046052631578947366 0.03289473684210526 0.03289473684210526 0.03289473684210526 0.03289473684210526 0.05921052631578947 0.05921052631578947 
0.03723404255319149 0.047872340425531915 0.026595744680851064 0.03723404255319149 0.026595744680851064 0.026595744680851064 0.2925531914893617 0.026595744680851064 0.047872340425531915 0.10106382978723404 0.03723404255319149 0.026595744680851064 0.026595744680851064 0.03723404255319149 0.026595744680851064 0.026595744680851064 0.03723404255319149 0.026595744680851064 0.03723404255319149 0.047872340425531915 
0.024752475247524754 0.034653465346534656 0.024752475247524754 0.034653465346534656 0.024752475247524754 0.054455445544554455 0.3316831683168317 0.024752475247524754 0.054455445544554455 0.024752475247524754 0.024752475247524754 0.04455445544554455 0.04455445544554455 0.034653465346534656 0.024752475247524754 0.034653465346534656 0.024752475247524754 0.024752475247524754 0.04455445544554455 0.06435643564356436 
0.024509803921568627 0.03431372549019608 0.024509803921568627 0.05392156862745098 0.03431372549019608 0.03431372549019608 0.2696078431372549 0.03431372549019608 0.024509803921568627 0.06372549019607843 0.03431372549019608 0.04411764705882353 0.06372549019607843 0.05392156862745098 0.03431372549019608 0.03431372549019608 0.024509803921568627 0.04411764705882353 0.03431372549019608 0.03431372549019608 
0.023148148148148147 0.06018518518518518 0.023148148148148147 0.023148148148148147 0.023148148148148147 0.041666666666666664 0.39351851851851855 0.023148148148148147 0.032407407407407406 0.06018518518518518 0.032407407407407406 0.023148148148148147 0.032407407407407406 0.041666666666666664 0.032407407407407406 0.023148148148148147 0.032407407407407406 0.023148148148148147 0.032407407407407406 0.023148148148148147 
0.024509803921568627 0.04411764705882353 0.04411764705882353 0.03431372549019608 0.08333333333333333 0.04411764705882353 0.1715686274509804 0.024509803921568627 0.024509803921568627 0.1323529411764706 0.024509803921568627 0.024509803921568627 0.03431372549019608 0.05392156862745098 0.04411764705882353 0.03431372549019608 0.024509803921568627 0.024509803921568627 0.024509803921568627 0.08333333333333333 
0.030120481927710843 0.06626506024096386 0.030120481927710843 0.030120481927710843 0.030120481927710843 0.030120481927710843 0.22289156626506024 0.030120481927710843 0.030120481927710843 0.05421686746987952 0.030120481927710843 0.030120481927710843 0.13855421686746988 0.04216867469879518 0.05421686746987952 0.030120481927710843 0.030120481927710843 0.030120481927710843 0.030120481927710843 0.030120481927710843 
0.022727272727272728 0.031818181818181815 0.022727272727272728 0.05 0.031818181818181815 0.022727272727272728 0.2318181818181818 0.022727272727272728 0.05909090909090909 0.04090909090909091 0.031818181818181815 0.031818181818181815 0.1318181818181818 0.05 0.022727272727272728 0.022727272727272728 0.022727272727272728 0.04090909090909091 0.04090909090909091 0.06818181818181818 
0.023148148148148147 0.032407407407407406 0.023148148148148147 0.032407407407407406 0.032407407407407406 0.023148148148148147 0.1712962962962963 0.032407407407407406 0.05092592592592592 0.032407407407407406 0.06944444444444445 0.023148148148148147 0.16203703703703703 0.05092592592592592 0.05092592592592592 0.032407407407407406 0.023148148148148147 0.023148148148148147 0.041666666666666664 0.06944444444444445 
0.033783783783783786 0.033783783783783786 0.0472972972972973 0.033783783783783786 0.0472972972972973 0.033783783783783786 0.16891891891891891 0.033783783783783786 0.033783783783783786 0.07432432432432433 0.0472972972972973 0.060810810810810814 0.0472972972972973 0.07432432432432433 0.0472972972972973 0.033783783783783786 0.033783783783783786 0.033783783783783786 0.033783783783783786 0.0472972972972973 
0.022123893805309734 0.10176991150442478 0.0752212389380531 0.030973451327433628 0.022123893805309734 0.030973451327433628 0.0752212389380531 0.030973451327433628 0.05752212389380531 0.0752212389380531 0.06637168141592921 0.030973451327433628 0.030973451327433628 0.048672566371681415 0.03982300884955752 0.022123893805309734 0.09292035398230089 0.03982300884955752 0.022123893805309734 0.084070796460177 
0.024752475247524754 0.024752475247524754 0.034653465346534656 0.024752475247524754 0.2524752475247525 0.024752475247524754 0.054455445544554455 0.024752475247524754 0.06435643564356436 0.024752475247524754 0.07425742574257425 0.024752475247524754 0.024752475247524754 0.10396039603960396 0.024752475247524754 0.024752475247524754 0.024752475247524754 0.04455445544554455 0.024752475247524754 0.07425742574257425 
0.041176470588235294 0.06470588235294118 0.041176470588235294 0.052941176470588235 0.029411764705882353 0.052941176470588235 0.20588235294117646 0.029411764705882353 0.052941176470588235 0.06470588235294118 0.029411764705882353 0.029411764705882353 0.029411764705882353 0.052941176470588235 0.052941176470588235 0.029411764705882353 0.029411764705882353 0.052941176470588235 0.029411764705882353 0.029411764705882353 
0.026923076923076925 0.06538461538461539 0.026923076923076925 0.057692307692307696 0.03461538461538462 0.057692307692307696 0.3423076923076923 0.019230769230769232 0.03461538461538462 0.08076923076923077 0.026923076923076925 0.019230769230769232 0.019230769230769232 0.019230769230769232 0.03461538461538462 0.019230769230769232 0.019230769230769232 0.03461538461538462 0.03461538461538462 0.026923076923076925 
0.029914529914529916 0.09829059829059829 0.021367521367521368 0.10683760683760683 0.029914529914529916 0.029914529914529916 0.2948717948717949 0.021367521367521368 0.029914529914529916 0.04700854700854701 0.029914529914529916 0.021367521367521368 0.029914529914529916 0.04700854700854701 0.021367521367521368 0.029914529914529916 0.021367521367521368 0.029914529914529916 0.021367521367521368 0.038461538461538464 
0.03125 0.03125 0.04375 0.03125 0.03125 0.03125 0.10625 0.04375 0.05625 0.04375 0.03125 0.03125 0.03125 0.03125 0.24375 0.03125 0.03125 0.04375 0.03125 0.04375 
0.03431372549019608 0.09313725490196079 0.06372549019607843 0.04411764705882353 0.024509803921568627 0.04411764705882353 0.08333333333333333 0.024509803921568627 0.04411764705882353 0.04411764705882353 0.06372549019607843 0.04411764705882353 0.024509803921568627 0.024509803921568627 0.2107843137254902 0.03431372549019608 0.024509803921568627 0.024509803921568627 0.024509803921568627 0.024509803921568627 
0.01968503937007874 0.01968503937007874 0.027559055118110236 0.027559055118110236 0.01968503937007874 0.027559055118110236 0.2874015748031496 0.03543307086614173 0.04330708661417323 0.01968503937007874 0.01968503937007874 0.01968503937007874 0.027559055118110236 0.027559055118110236 0.2637795275590551 0.027559055118110236 0.01968503937007874 0.01968503937007874 0.027559055118110236 0.01968503937007874 
0.02631578947368421 0.02631578947368421 0.03684210526315789 0.02631578947368421 0.02631578947368421 0.04736842105263158 0.03684210526315789 0.02631578947368421 0.04736842105263158 0.03684210526315789 0.04736842105263158 0.02631578947368421 0.05789473684210526 0.03684210526315789 0.2789473684210526 0.02631578947368421 0.1 0.03684210526315789 0.02631578947368421 0.02631578947368421 
0.02252252252252252 0.04954954954954955 0.03153153153153153 0.03153153153153153 0.02252252252252252 0.04954954954954955 0.06756756756756757 0.03153153153153153 0.04954954954954955 0.04954954954954955 0.04054054054054054 0.02252252252252252 0.02252252252252252 0.04954954954954955 0.2747747747747748 0.04954954954954955 0.02252252252252252 0.04054054054054054 0.04054054054054054 0.03153153153153153 
0.029411764705882353 0.041176470588235294 0.041176470588235294 0.029411764705882353 0.029411764705882353 0.029411764705882353 0.041176470588235294 0.029411764705882353 0.13529411764705881 0.029411764705882353 0.041176470588235294 0.029411764705882353 0.041176470588235294 0.06470588235294118 0.2411764705882353 0.029411764705882353 0.029411764705882353 0.029411764705882353 0.029411764705882353 0.029411764705882353 
0.028925619834710745 0.0371900826446281 0.028925619834710745 0.02066115702479339 0.07851239669421488 0.0371900826446281 0.1115702479338843 0.02066115702479339 0.05371900826446281 0.028925619834710745 0.028925619834710745 0.02066115702479339 0.07024793388429752 0.0371900826446281 0.24380165289256198 0.02066115702479339 0.02066115702479339 0.05371900826446281 0.0371900826446281 0.02066115702479339 
0.03271028037383177 0.04205607476635514 0.02336448598130841 0.02336448598130841 0.02336448598130841 0.03271028037383177 0.11682242990654206 0.02336448598130841 0.04205607476635514 0.04205607476635514 0.04205607476635514 0.04205607476635514 0.04205607476635514 0.04205607476635514 0.04205607476635514 0.02336448598130841 0.02336448598130841 0.2570093457943925 0.0514018691588785 0.03271028037383177 
0.029069767441860465 0.05232558139534884 0.029069767441860465 0.029069767441860465 0.040697674418604654 0.0872093023255814 0.040697674418604654 0.029069767441860465 0.040697674418604654 0.029069767441860465 0.040697674418604654 0.040697674418604654 0.040697674418604654 0.05232558139534884 0.040697674418604654 0.029069767441860465 0.029069767441860465 0.20348837209302326 0.040697674418604654 0.0755813953488372 
0.0375 0.10416666666666667 0.020833333333333332 0.04583333333333333 0.029166666666666667 0.029166666666666667 0.1375 0.020833333333333332 0.0375 0.029166666666666667 0.020833333333333332 0.020833333333333332 0.020833333333333332 0.0625 0.05416666666666667 0.029166666666666667 0.0375 0.17083333333333334 0.029166666666666667 0.0625 
0.027472527472527472 0.04945054945054945 0.027472527472527472 0.027472527472527472 0.038461538461538464 0.027472527472527472 0.2032967032967033 0.027472527472527472 0.027472527472527472 0.06043956043956044 0.04945054945054945 0.027472527472527472 0.1043956043956044 0.06043956043956044 0.038461538461538464 0.04945054945054945 0.04945054945054945 0.04945054945054945 0.027472527472527472 0.027472527472527472 
0.030120481927710843 0.04216867469879518 0.030120481927710843 0.04216867469879518 0.04216867469879518 0.030120481927710843 0.2710843373493976 0.030120481927710843 0.030120481927710843 0.04216867469879518 0.030120481927710843 0.030120481927710843 0.0783132530120482 0.030120481927710843 0.030120481927710843 0.030120481927710843 0.030120481927710843 0.05421686746987952 0.030120481927710843 0.06626506024096386 
0.02 0.084 0.02 0.02 0.044 0.028 0.34 0.02 0.028 0.092 0.028 0.02 0.068 0.044 0.02 0.02 0.036 0.02 0.028 0.02 
0.03333333333333333 0.05238095238095238 0.023809523809523808 0.05238095238095238 0.023809523809523808 0.023809523809523808 0.2619047619047619 0.03333333333333333 0.023809523809523808 0.07142857142857142 0.023809523809523808 0.023809523809523808 0.09047619047619047 0.023809523809523808 0.023809523809523808 0.023809523809523808 0.023809523809523808 0.05238095238095238 0.04285714285714286 0.07142857142857142 
0.028089887640449437 0.16292134831460675 0.028089887640449437 0.03932584269662921 0.03932584269662921 0.028089887640449437 0.17415730337078653 0.028089887640449437 0.028089887640449437 0.03932584269662921 0.03932584269662921 0.028089887640449437 0.06179775280898876 0.028089887640449437 0.05056179775280899 0.028089887640449437 0.028089887640449437 0.028089887640449437 0.05056179775280899 0.06179775280898876 
0.040229885057471264 0.10919540229885058 0.028735632183908046 0.028735632183908046 0.028735632183908046 0.06321839080459771 0.14367816091954022 0.028735632183908046 0.028735632183908046 0.06321839080459771 0.040229885057471264 0.040229885057471264 0.08620689655172414 0.06321839080459771 0.040229885057471264 0.028735632183908046 0.028735632183908046 0.028735632183908046 0.028735632183908046 0.05172413793103448 
0.04128440366972477 0.05963302752293578 0.022935779816513763 0.03211009174311927 0.05045871559633028 0.022935779816513763 0.2889908256880734 0.022935779816513763 0.022935779816513763 0.022935779816513763 0.03211009174311927 0.04128440366972477 0.10550458715596331 0.05045871559633028 0.05045871559633028 0.03211009174311927 0.022935779816513763 0.022935779816513763 0.022935779816513763 0.03211009174311927 
0.03125 0.09375 0.03125 0.05625 0.03125 0.03125 0.19375 0.03125 0.04375 0.03125 0.04375 0.03125 0.08125 0.03125 0.04375 0.03125 0.03125 0.05625 0.04375 0.03125 
0.023148148148148147 0.1527777777777778 0.023148148148148147 0.06944444444444445 0.023148148148148147 0.06944444444444445 0.2361111111111111 0.023148148148148147 0.05092592592592592 0.032407407407407406 0.032407407407407406 0.032407407407407406 0.023148148148148147 0.032407407407407406 0.032407407407407406 0.041666666666666664 0.023148148148148147 0.023148148148148147 0.023148148148148147 0.032407407407407406 
0.02631578947368421 0.05789473684210526 0.02631578947368421 0.07894736842105263 0.04736842105263158 0.06842105263157895 0.3 0.02631578947368421 0.02631578947368421 0.02631578947368421 0.03684210526315789 0.02631578947368421 0.03684210526315789 0.03684210526315789 0.03684210526315789 0.02631578947368421 0.02631578947368421 0.02631578947368421 0.03684210526315789 0.02631578947368421 
0.020161290322580645 0.14112903225806453 0.020161290322580645 0.0846774193548387 0.020161290322580645 0.036290322580645164 0.2782258064516129 0.020161290322580645 0.036290322580645164 0.020161290322580645 0.020161290322580645 0.028225806451612902 0.028225806451612902 0.036290322580645164 0.06854838709677419 0.020161290322580645 0.028225806451612902 0.020161290322580645 0.04435483870967742 0.028225806451612902 
0.032407407407407406 0.041666666666666664 0.032407407407407406 0.041666666666666664 0.05092592592592592 0.041666666666666664 0.18981481481481483 0.023148148148148147 0.032407407407407406 0.10648148148148148 0.05092592592592592 0.032407407407407406 0.032407407407407406 0.041666666666666664 0.06944444444444445 0.023148148148148147 0.032407407407407406 0.023148148148148147 0.06018518518518518 0.041666666666666664 
0.028735632183908046 0.028735632183908046 0.028735632183908046 0.040229885057471264 0.028735632183908046 0.06321839080459771 0.22413793103448276 0.028735632183908046 0.05172413793103448 0.028735632183908046 0.05172413793103448 0.040229885057471264 0.05172413793103448 0.06321839080459771 0.028735632183908046 0.06321839080459771 0.028735632183908046 0.028735632183908046 0.05172413793103448 0.040229885057471264 
0.025252525252525252 0.045454545454545456 0.025252525252525252 0.03535353535353535 0.025252525252525252 0.025252525252525252 0.30808080808080807 0.025252525252525252 0.045454545454545456 0.03535353535353535 0.12626262626262627 0.025252525252525252 0.03535353535353535 0.03535353535353535 0.025252525252525252 0.03535353535353535 0.025252525252525252 0.025252525252525252 0.025252525252525252 0.045454545454545456 
0.03723404255319149 0.026595744680851064 0.026595744680851064 0.026595744680851064 0.03723404255319149 0.03723404255319149 0.14361702127659576 0.047872340425531915 0.03723404255319149 0.047872340425531915 0.03723404255319149 0.026595744680851064 0.05851063829787234 0.0797872340425532 0.05851063829787234 0.026595744680851064 0.026595744680851064 0.09042553191489362 0.09042553191489362 0.03723404255319149 
0.05844155844155844 0.032467532467532464 0.045454545454545456 0.032467532467532464 0.045454545454545456 0.032467532467532464 0.13636363636363635 0.032467532467532464 0.045454545454545456 0.032467532467532464 0.045454545454545456 0.045454545454545456 0.16233766233766234 0.045454545454545456 0.045454545454545456 0.032467532467532464 0.032467532467532464 0.032467532467532464 0.032467532467532464 0.032467532467532464 
0.028089887640449437 0.028089887640449437 0.028089887640449437 0.028089887640449437 0.03932584269662921 0.03932584269662921 0.08426966292134831 0.03932584269662921 0.03932584269662921 0.06179775280898876 0.028089887640449437 0.028089887640449437 0.24157303370786518 0.06179775280898876 0.05056179775280899 0.028089887640449437 0.028089887640449437 0.03932584269662921 0.03932584269662921 0.03932584269662921 
0.01953125 0.02734375 0.01953125 0.02734375 0.09765625 0.03515625 0.11328125 0.01953125 0.05859375 0.02734375 0.01953125 0.01953125 0.20703125 0.02734375 0.04296875 0.03515625 0.01953125 0.07421875 0.03515625 0.07421875 
0.026041666666666668 0.026041666666666668 0.057291666666666664 0.057291666666666664 0.026041666666666668 0.036458333333333336 0.203125 0.026041666666666668 0.026041666666666668 0.08854166666666667 0.057291666666666664 0.036458333333333336 0.046875 0.057291666666666664 0.046875 0.026041666666666668 0.026041666666666668 0.057291666666666664 0.036458333333333336 0.036458333333333336 
0.02976190476190476 0.10119047619047619 0.02976190476190476 0.02976190476190476 0.05357142857142857 0.02976190476190476 0.16071428571428573 0.02976190476190476 0.041666666666666664 0.10119047619047619 0.05357142857142857 0.02976190476190476 0.041666666666666664 0.041666666666666664 0.05357142857142857 0.02976190476190476 0.02976190476190476 0.02976190476190476 0.041666666666666664 0.041666666666666664 
0.028089887640449437 0.03932584269662921 0.028089887640449437 0.05056179775280899 0.028089887640449437 0.028089887640449437 0.1404494382022472 0.028089887640449437 0.09550561797752809 0.11797752808988764 0.05056179775280899 0.028089887640449437 0.03932584269662921 0.06179775280898876 0.028089887640449437 0.028089887640449437 0.028089887640449437 0.03932584269662921 0.03932584269662921 0.07303370786516854 
0.030864197530864196 0.043209876543209874 0.043209876543209874 0.030864197530864196 0.030864197530864196 0.030864197530864196 0.25308641975308643 0.030864197530864196 0.05555555555555555 0.06790123456790123 0.030864197530864196 0.030864197530864196 0.05555555555555555 0.043209876543209874 0.030864197530864196 0.030864197530864196 0.030864197530864196 0.030864197530864196 0.030864197530864196 0.06790123456790123 
0.042682926829268296 0.03048780487804878 0.03048780487804878 0.03048780487804878 0.06707317073170732 0.03048780487804878 0.3353658536585366 0.03048780487804878 0.03048780487804878 0.03048780487804878 0.03048780487804878 0.03048780487804878 0.03048780487804878 0.042682926829268296 0.03048780487804878 0.03048780487804878 0.03048780487804878 0.03048780487804878 0.054878048780487805 0.03048780487804878 
0.05 0.03888888888888889 0.027777777777777776 0.05 0.027777777777777776 0.07222222222222222 0.22777777777777777 0.027777777777777776 0.027777777777777776 0.05 0.03888888888888889 0.03888888888888889 0.06111111111111111 0.03888888888888889 0.027777777777777776 0.05 0.027777777777777776 0.03888888888888889 0.027777777777777776 0.05 
0.02032520325203252 0.036585365853658534 0.028455284552845527 0.028455284552845527 0.028455284552845527 0.028455284552845527 0.47560975609756095 0.02032520325203252 0.028455284552845527 0.02032520325203252 0.028455284552845527 0.028455284552845527 0.028455284552845527 0.028455284552845527 0.036585365853658534 0.02032520325203252 0.036585365853658534 0.02032520325203252 0.028455284552845527 0.028455284552845527 
0.024752475247524754 0.034653465346534656 0.024752475247524754 0.04455445544554455 0.034653465346534656 0.12376237623762376 0.30198019801980197 0.034653465346534656 0.024752475247524754 0.04455445544554455 0.034653465346534656 0.034653465346534656 0.024752475247524754 0.024752475247524754 0.04455445544554455 0.024752475247524754 0.024752475247524754 0.024752475247524754 0.04455445544554455 0.024752475247524754 
0.04326923076923077 0.1201923076923077 0.02403846153846154 0.04326923076923077 0.03365384615384615 0.03365384615384615 0.3317307692307692 0.02403846153846154 0.03365384615384615 0.02403846153846154 0.03365384615384615 0.04326923076923077 0.02403846153846154 0.02403846153846154 0.02403846153846154 0.03365384615384615 0.02403846153846154 0.02403846153846154 0.03365384615384615 0.02403846153846154 
0.027777777777777776 0.05 0.027777777777777776 0.027777777777777776 0.027777777777777776 0.05 0.2722222222222222 0.027777777777777776 0.05 0.05 0.05 0.027777777777777776 0.027777777777777776 0.07222222222222222 0.07222222222222222 0.027777777777777776 0.027777777777777776 0.027777777777777776 0.027777777777777776 0.027777777777777776 
0.02358490566037736 0.04245283018867924 0.02358490566037736 0.05188679245283019 0.02358490566037736 0.07075471698113207 0.22169811320754718 0.04245283018867924 0.02358490566037736 0.06132075471698113 0.02358490566037736 0.04245283018867924 0.0330188679245283 0.05188679245283019 0.0330188679245283 0.02358490566037736 0.0330188679245283 0.0330188679245283 0.09905660377358491 0.04245283018867924 
