0.09615384615384616 0.06538461538461539 0.08076923076923077 0.057692307692307696 0.019230769230769232 0.03461538461538462 0.03461538461538462 0.04230769230769231 0.026923076923076925 0.057692307692307696 0.09615384615384616 0.019230769230769232 0.08846153846153847 0.019230769230769232 0.03461538461538462 0.05 0.026923076923076925 0.03461538461538462 0.08076923076923077 0.03461538461538462 
0.037815126050420166 0.0546218487394958 0.12184873949579832 0.037815126050420166 0.02100840336134454 0.029411764705882353 0.0546218487394958 0.02100840336134454 0.046218487394957986 0.1134453781512605 0.0546218487394958 0.0546218487394958 0.09663865546218488 0.037815126050420166 0.037815126050420166 0.029411764705882353 0.06302521008403361 0.046218487394957986 0.02100840336134454 0.02100840336134454 
0.022935779816513763 0.0963302752293578 0.05963302752293578 0.0779816513761468 0.03211009174311927 0.022935779816513763 0.03211009174311927 0.03211009174311927 0.022935779816513763 0.0779816513761468 0.0779816513761468 0.0779816513761468 0.12385321100917432 0.03211009174311927 0.022935779816513763 0.03211009174311927 0.022935779816513763 0.05045871559633028 0.05963302752293578 0.022935779816513763 
0.02403846153846154 0.02403846153846154 0.10096153846153846 0.1201923076923077 0.02403846153846154 0.03365384615384615 0.04326923076923077 0.03365384615384615 0.03365384615384615 0.0625 0.0625 0.052884615384615384 0.1201923076923077 0.03365384615384615 0.02403846153846154 0.052884615384615384 0.03365384615384615 0.03365384615384615 0.052884615384615384 0.03365384615384615 
0.041666666666666664 0.06944444444444445 0.023148148148148147 0.032407407407407406 0.041666666666666664 0.06944444444444445 0.08796296296296297 0.023148148148148147 0.041666666666666664 0.041666666666666664 0.0787037037037037 0.023148148148148147 0.06944444444444445 0.041666666666666664 0.032407407407407406 0.10648148148148148 0.05092592592592592 0.023148148148148147 0.06944444444444445 0.032407407407407406 
0.10824742268041238 0.05670103092783505 0.02577319587628866 0.03608247422680412 0.03608247422680412 0.04639175257731959 0.02577319587628866 0.04639175257731959 0.07731958762886598 0.05670103092783505 0.05670103092783505 0.03608247422680412 0.02577319587628866 0.02577319587628866 0.02577319587628866 0.10824742268041238 0.03608247422680412 0.05670103092783505 0.05670103092783505 0.05670103092783505 
0.04411764705882353 0.04411764705882353 0.05392156862745098 0.04411764705882353 0.024509803921568627 0.03431372549019608 0.024509803921568627 0.05392156862745098 0.05392156862745098 0.06372549019607843 0.03431372549019608 0.08333333333333333 0.04411764705882353 0.03431372549019608 0.024509803921568627 0.15196078431372548 0.04411764705882353 0.024509803921568627 0.07352941176470588 0.04411764705882353 
0.04736842105263158 0.04736842105263158 0.03684210526315789 0.08947368421052632 0.04736842105263158 0.04736842105263158 0.02631578947368421 0.02631578947368421 0.02631578947368421 0.03684210526315789 0.15263157894736842 0.04736842105263158 0.1 0.03684210526315789 0.04736842105263158 0.03684210526315789 0.02631578947368421 0.03684210526315789 0.05789473684210526 0.02631578947368421 
0.04326923076923077 0.03365384615384615 0.08173076923076923 0.04326923076923077 0.02403846153846154 0.03365384615384615 0.02403846153846154 0.03365384615384615 0.02403846153846154 0.052884615384615384 0.15865384615384615 0.052884615384615384 0.052884615384615384 0.07211538461538461 0.04326923076923077 0.07211538461538461 0.0625 0.02403846153846154 0.02403846153846154 0.04326923076923077 
0.034722222222222224 0.034722222222222224 0.034722222222222224 0.0625 0.0625 0.034722222222222224 0.04861111111111111 0.04861111111111111 0.034722222222222224 0.034722222222222224 0.13194444444444445 0.04861111111111111 0.04861111111111111 0.04861111111111111 0.04861111111111111 0.0625 0.034722222222222224 0.04861111111111111 0.04861111111111111 0.04861111111111111 
0.030612244897959183 0.04421768707482993 0.023809523809523808 0.0782312925170068 0.03741496598639456 0.04421768707482993 0.017006802721088437 0.06462585034013606 0.16666666666666666 0.09183673469387756 0.017006802721088437 0.017006802721088437 0.0782312925170068 0.030612244897959183 0.023809523809523808 0.09183673469387756 0.04421768707482993 0.030612244897959183 0.030612244897959183 0.03741496598639456 
0.01968503937007874 0.08267716535433071 0.09055118110236221 0.04330708661417323 0.027559055118110236 0.07480314960629922 0.01968503937007874 0.027559055118110236 0.1141732283464567 0.051181102362204724 0.051181102362204724 0.027559055118110236 0.027559055118110236 0.027559055118110236 0.01968503937007874 0.06692913385826772 0.051181102362204724 0.04330708661417323 0.04330708661417323 0.09055118110236221 
0.03 0.07 0.043333333333333335 0.043333333333333335 0.03666666666666667 0.016666666666666666 0.03 0.023333333333333334 0.056666666666666664 0.10333333333333333 0.03666666666666667 0.07666666666666666 0.07 0.03 0.05 0.05 0.07 0.043333333333333335 0.043333333333333335 0.07666666666666666 
0.037162162162162164 0.04391891891891892 0.037162162162162164 0.037162162162162164 0.02364864864864865 0.030405405405405407 0.02364864864864865 0.02364864864864865 0.125 0.0777027027027027 0.07094594594594594 0.02364864864864865 0.11824324324324324 0.016891891891891893 0.016891891891891893 0.0777027027027027 0.037162162162162164 0.057432432432432436 0.06418918918918919 0.057432432432432436 
0.039473684210526314 0.021929824561403508 0.03070175438596491 0.07456140350877193 0.03070175438596491 0.03070175438596491 0.04824561403508772 0.03070175438596491 0.10964912280701754 0.06578947368421052 0.04824561403508772 0.021929824561403508 0.06578947368421052 0.021929824561403508 0.04824561403508772 0.07456140350877193 0.05701754385964912 0.07456140350877193 0.021929824561403508 0.08333333333333333 
0.01937984496124031 0.07364341085271318 0.050387596899224806 0.03488372093023256 0.04263565891472868 0.06589147286821706 0.027131782945736434 0.03488372093023256 0.08914728682170543 0.1744186046511628 0.01937984496124031 0.01937984496124031 0.06589147286821706 0.027131782945736434 0.03488372093023256 0.01937984496124031 0.05813953488372093 0.027131782945736434 0.03488372093023256 0.08139534883720931 
0.03684210526315789 0.02631578947368421 0.03684210526315789 0.06842105263157895 0.02631578947368421 0.03684210526315789 0.03684210526315789 0.04736842105263158 0.02631578947368421 0.03684210526315789 0.03684210526315789 0.05789473684210526 0.06842105263157895 0.08947368421052632 0.03684210526315789 0.1631578947368421 0.03684210526315789 0.03684210526315789 0.06842105263157895 0.02631578947368421 
0.02100840336134454 0.046218487394957986 0.029411764705882353 0.09663865546218488 0.02100840336134454 0.046218487394957986 0.06302521008403361 0.02100840336134454 0.037815126050420166 0.037815126050420166 0.02100840336134454 0.06302521008403361 0.029411764705882353 0.07142857142857142 0.0546218487394958 0.10504201680672269 0.046218487394957986 0.0546218487394958 0.09663865546218488 0.037815126050420166 
0.05752212389380531 0.03982300884955752 0.048672566371681415 0.048672566371681415 0.048672566371681415 0.03982300884955752 0.048672566371681415 0.030973451327433628 0.022123893805309734 0.030973451327433628 0.09292035398230089 0.022123893805309734 0.03982300884955752 0.048672566371681415 0.03982300884955752 0.15486725663716813 0.09292035398230089 0.022123893805309734 0.03982300884955752 0.030973451327433628 
0.029411764705882353 0.029411764705882353 0.06209150326797386 0.08169934640522876 0.016339869281045753 0.19281045751633988 0.016339869281045753 0.042483660130718956 0.02287581699346405 0.016339869281045753 0.029411764705882353 0.06862745098039216 0.06209150326797386 0.049019607843137254 0.08169934640522876 0.07516339869281045 0.049019607843137254 0.029411764705882353 0.02287581699346405 0.02287581699346405 
0.04421768707482993 0.05102040816326531 0.030612244897959183 0.03741496598639456 0.023809523809523808 0.19387755102040816 0.017006802721088437 0.023809523809523808 0.05782312925170068 0.04421768707482993 0.03741496598639456 0.023809523809523808 0.04421768707482993 0.030612244897959183 0.04421768707482993 0.1598639455782313 0.05102040816326531 0.023809523809523808 0.03741496598639456 0.023809523809523808 
0.019553072625698324 0.025139664804469275 0.04189944134078212 0.06424581005586592 0.025139664804469275 0.17039106145251395 0.04189944134078212 0.025139664804469275 0.030726256983240222 0.06424581005586592 0.04748603351955307 0.05865921787709497 0.030726256983240222 0.08659217877094973 0.013966480446927373 0.11452513966480447 0.030726256983240222 0.030726256983240222 0.030726256983240222 0.04748603351955307 
0.020833333333333332 0.044642857142857144 0.03869047619047619 0.08035714285714286 0.03273809523809524 0.1636904761904762 0.03273809523809524 0.01488095238095238 0.01488095238095238 0.050595238095238096 0.020833333333333332 0.09226190476190477 0.01488095238095238 0.020833333333333332 0.03869047619047619 0.12202380952380952 0.08035714285714286 0.05654761904761905 0.03869047619047619 0.020833333333333332 
0.02 0.052 0.06 0.052 0.028 0.188 0.036 0.028 0.02 0.052 0.028 0.02 0.076 0.028 0.068 0.124 0.044 0.02 0.02 0.036 
0.04296875 0.02734375 0.04296875 0.08203125 0.02734375 0.18359375 0.01953125 0.01953125 0.04296875 0.03515625 0.06640625 0.04296875 0.01953125 0.02734375 0.05078125 0.09765625 0.06640625 0.03515625 0.01953125 0.05078125 
0.05701754385964912 0.03070175438596491 0.03070175438596491 0.12719298245614036 0.039473684210526314 0.03070175438596491 0.021929824561403508 0.039473684210526314 0.03070175438596491 0.03070175438596491 0.03070175438596491 0.04824561403508772 0.07456140350877193 0.06578947368421052 0.03070175438596491 0.12719298245614036 0.03070175438596491 0.021929824561403508 0.10964912280701754 0.021929824561403508 
0.02631578947368421 0.05639097744360902 0.03383458646616541 0.02631578947368421 0.018796992481203006 0.03383458646616541 0.018796992481203006 0.05639097744360902 0.018796992481203006 0.041353383458646614 0.07142857142857142 0.041353383458646614 0.12406015037593984 0.09398496240601503 0.02631578947368421 0.19172932330827067 0.02631578947368421 0.041353383458646614 0.03383458646616541 0.018796992481203006 
0.02734375 0.06640625 0.02734375 0.02734375 0.03515625 0.02734375 0.02734375 0.04296875 0.02734375 0.02734375 0.02734375 0.04296875 0.15234375 0.08984375 0.01953125 0.20703125 0.04296875 0.03515625 0.01953125 0.02734375 
0.022727272727272728 0.04090909090909091 0.022727272727272728 0.022727272727272728 0.05 0.05 0.022727272727272728 0.04090909090909091 0.04090909090909091 0.07727272727272727 0.031818181818181815 0.022727272727272728 0.07727272727272727 0.022727272727272728 0.031818181818181815 0.31363636363636366 0.022727272727272728 0.031818181818181815 0.022727272727272728 0.031818181818181815 
0.0330188679245283 0.0330188679245283 0.0330188679245283 0.02358490566037736 0.02358490566037736 0.1179245283018868 0.0330188679245283 0.06132075471698113 0.02358490566037736 0.0330188679245283 0.0330188679245283 0.08962264150943396 0.06132075471698113 0.05188679245283019 0.02358490566037736 0.21226415094339623 0.02358490566037736 0.04245283018867924 0.02358490566037736 0.02358490566037736 
0.04421768707482993 0.03741496598639456 0.04421768707482993 0.017006802721088437 0.03741496598639456 0.06462585034013606 0.030612244897959183 0.05102040816326531 0.017006802721088437 0.04421768707482993 0.03741496598639456 0.11904761904761904 0.0782312925170068 0.06462585034013606 0.030612244897959183 0.1870748299319728 0.017006802721088437 0.030612244897959183 0.030612244897959183 0.017006802721088437 
0.05555555555555555 0.07575757575757576 0.045454545454545456 0.03535353535353535 0.025252525252525252 0.09595959595959595 0.03535353535353535 0.025252525252525252 0.03535353535353535 0.03535353535353535 0.03535353535353535 0.025252525252525252 0.06565656565656566 0.03535353535353535 0.025252525252525252 0.23737373737373738 0.025252525252525252 0.025252525252525252 0.025252525252525252 0.03535353535353535 
0.026041666666666668 0.06770833333333333 0.057291666666666664 0.036458333333333336 0.046875 0.057291666666666664 0.036458333333333336 0.046875 0.046875 0.036458333333333336 0.046875 0.078125 0.026041666666666668 0.06770833333333333 0.046875 0.11979166666666667 0.036458333333333336 0.046875 0.026041666666666668 0.046875 
0.04583333333333333 0.020833333333333332 0.0375 0.029166666666666667 0.029166666666666667 0.05416666666666667 0.04583333333333333 0.029166666666666667 0.020833333333333332 0.05416666666666667 0.029166666666666667 0.07083333333333333 0.04583333333333333 0.0625 0.0375 0.22916666666666666 0.0625 0.029166666666666667 0.020833333333333332 0.04583333333333333 
0.030821917808219176 0.05136986301369863 0.04452054794520548 0.023972602739726026 0.023972602739726026 0.030821917808219176 0.023972602739726026 0.04452054794520548 0.023972602739726026 0.030821917808219176 0.05136986301369863 0.030821917808219176 0.030821917808219176 0.017123287671232876 0.023972602739726026 0.2842465753424658 0.030821917808219176 0.07191780821917808 0.09246575342465753 0.03767123287671233 
0.03153153153153153 0.02252252252252252 0.08558558558558559 0.03153153153153153 0.03153153153153153 0.06756756756756757 0.02252252252252252 0.03153153153153153 0.02252252252252252 0.02252252252252252 0.12162162162162163 0.07657657657657657 0.03153153153153153 0.04054054054054054 0.03153153153153153 0.22072072072072071 0.02252252252252252 0.02252252252252252 0.04054054054054054 0.02252252252252252 
0.055970149253731345 0.026119402985074626 0.041044776119402986 0.048507462686567165 0.018656716417910446 0.06343283582089553 0.018656716417910446 0.018656716417910446 0.026119402985074626 0.048507462686567165 0.12313432835820895 0.07835820895522388 0.018656716417910446 0.033582089552238806 0.033582089552238806 0.2126865671641791 0.018656716417910446 0.018656716417910446 0.0708955223880597 0.026119402985074626 
0.03608247422680412 0.03608247422680412 0.02577319587628866 0.02577319587628866 0.02577319587628866 0.0979381443298969 0.02577319587628866 0.03608247422680412 0.02577319587628866 0.03608247422680412 0.11855670103092783 0.08762886597938144 0.05670103092783505 0.03608247422680412 0.02577319587628866 0.17010309278350516 0.04639175257731959 0.02577319587628866 0.03608247422680412 0.02577319587628866 
0.0330188679245283 0.0330188679245283 0.02358490566037736 0.04245283018867924 0.02358490566037736 0.07075471698113207 0.02358490566037736 0.04245283018867924 0.0330188679245283 0.02358490566037736 0.13679245283018868 0.07075471698113207 0.04245283018867924 0.05188679245283019 0.02358490566037736 0.21226415094339623 0.0330188679245283 0.02358490566037736 0.0330188679245283 0.02358490566037736 
0.01968503937007874 0.01968503937007874 0.03543307086614173 0.03543307086614173 0.01968503937007874 0.06692913385826772 0.01968503937007874 0.06692913385826772 0.01968503937007874 0.027559055118110236 0.06692913385826772 0.05905511811023622 0.03543307086614173 0.051181102362204724 0.03543307086614173 0.21653543307086615 0.03543307086614173 0.051181102362204724 0.09055118110236221 0.027559055118110236 
0.041666666666666664 0.032407407407407406 0.032407407407407406 0.032407407407407406 0.023148148148148147 0.06018518518518518 0.023148148148148147 0.032407407407407406 0.041666666666666664 0.14351851851851852 0.2361111111111111 0.041666666666666664 0.032407407407407406 0.023148148148148147 0.041666666666666664 0.023148148148148147 0.023148148148148147 0.023148148148148147 0.06018518518518518 0.032407407407407406 
0.03169014084507042 0.03169014084507042 0.045774647887323945 0.05985915492957746 0.017605633802816902 0.05985915492957746 0.06690140845070422 0.0528169014084507 0.017605633802816902 0.05985915492957746 0.27816901408450706 0.017605633802816902 0.017605633802816902 0.02464788732394366 0.02464788732394366 0.017605633802816902 0.05985915492957746 0.03169014084507042 0.03873239436619718 0.045774647887323945 
0.02717391304347826 0.03804347826086957 0.02717391304347826 0.03804347826086957 0.02717391304347826 0.07065217391304347 0.02717391304347826 0.02717391304347826 0.02717391304347826 0.07065217391304347 0.266304347826087 0.03804347826086957 0.02717391304347826 0.02717391304347826 0.04891304347826087 0.02717391304347826 0.03804347826086957 0.04891304347826087 0.04891304347826087 0.04891304347826087 
0.04205607476635514 0.0514018691588785 0.02336448598130841 0.09813084112149532 0.02336448598130841 0.04205607476635514 0.02336448598130841 0.03271028037383177 0.09813084112149532 0.11682242990654206 0.14485981308411214 0.02336448598130841 0.03271028037383177 0.04205607476635514 0.03271028037383177 0.0514018691588785 0.02336448598130841 0.03271028037383177 0.03271028037383177 0.03271028037383177 
0.038461538461538464 0.06043956043956044 0.027472527472527472 0.04945054945054945 0.04945054945054945 0.06043956043956044 0.027472527472527472 0.038461538461538464 0.1043956043956044 0.08241758241758242 0.06043956043956044 0.038461538461538464 0.08241758241758242 0.09340659340659341 0.038461538461538464 0.038461538461538464 0.027472527472527472 0.027472527472527472 0.027472527472527472 0.027472527472527472 
0.028455284552845527 0.036585365853658534 0.052845528455284556 0.02032520325203252 0.028455284552845527 0.044715447154471545 0.02032520325203252 0.02032520325203252 0.1910569105691057 0.08536585365853659 0.07723577235772358 0.02032520325203252 0.028455284552845527 0.044715447154471545 0.02032520325203252 0.14227642276422764 0.028455284552845527 0.052845528455284556 0.02032520325203252 0.036585365853658534 
0.06321839080459771 0.05172413793103448 0.028735632183908046 0.028735632183908046 0.040229885057471264 0.028735632183908046 0.028735632183908046 0.05172413793103448 0.040229885057471264 0.06321839080459771 0.10919540229885058 0.028735632183908046 0.07471264367816093 0.040229885057471264 0.028735632183908046 0.028735632183908046 0.040229885057471264 0.06321839080459771 0.09770114942528736 0.06321839080459771 
0.0755813953488372 0.05232558139534884 0.029069767441860465 0.029069767441860465 0.06395348837209303 0.06395348837209303 0.06395348837209303 0.029069767441860465 0.040697674418604654 0.06395348837209303 0.0872093023255814 0.040697674418604654 0.05232558139534884 0.040697674418604654 0.040697674418604654 0.06395348837209303 0.029069767441860465 0.040697674418604654 0.06395348837209303 0.029069767441860465 
0.03731343283582089 0.06716417910447761 0.03731343283582089 0.03731343283582089 0.05223880597014925 0.03731343283582089 0.03731343283582089 0.05223880597014925 0.03731343283582089 0.03731343283582089 0.12686567164179105 0.05223880597014925 0.06716417910447761 0.03731343283582089 0.03731343283582089 0.05223880597014925 0.03731343283582089 0.03731343283582089 0.08208955223880597 0.03731343283582089 
0.029069767441860465 0.029069767441860465 0.05232558139534884 0.05232558139534884 0.029069767441860465 0.029069767441860465 0.029069767441860465 0.029069767441860465 0.05232558139534884 0.0872093023255814 0.14534883720930233 0.0872093023255814 0.05232558139534884 0.029069767441860465 0.040697674418604654 0.06395348837209303 0.029069767441860465 0.040697674418604654 0.040697674418604654 0.05232558139534884 
0.045454545454545456 0.025252525252525252 0.03535353535353535 0.05555555555555555 0.03535353535353535 0.025252525252525252 0.03535353535353535 0.03535353535353535 0.03535353535353535 0.07575757575757576 0.19696969696969696 0.025252525252525252 0.03535353535353535 0.025252525252525252 0.06565656565656566 0.03535353535353535 0.09595959595959595 0.03535353535353535 0.045454545454545456 0.03535353535353535 
0.04296875 0.02734375 0.01953125 0.02734375 0.01953125 0.04296875 0.03515625 0.04296875 0.01953125 0.04296875 0.26953125 0.04296875 0.03515625 0.01953125 0.03515625 0.05859375 0.02734375 0.08984375 0.06640625 0.03515625 
0.028 0.02 0.06 0.052 0.028 0.076 0.02 0.036 0.036 0.036 0.308 0.028 0.02 0.044 0.028 0.02 0.036 0.044 0.06 0.02 
0.025252525252525252 0.03535353535353535 0.08585858585858586 0.08585858585858586 0.025252525252525252 0.10606060606060606 0.025252525252525252 0.025252525252525252 0.03535353535353535 0.045454545454545456 0.16666666666666666 0.025252525252525252 0.03535353535353535 0.03535353535353535 0.03535353535353535 0.025252525252525252 0.05555555555555555 0.03535353535353535 0.06565656565656566 0.025252525252525252 
0.04411764705882353 0.024509803921568627 0.10294117647058823 0.04411764705882353 0.024509803921568627 0.08333333333333333 0.024509803921568627 0.024509803921568627 0.03431372549019608 0.06372549019607843 0.1715686274509804 0.04411764705882353 0.05392156862745098 0.024509803921568627 0.04411764705882353 0.024509803921568627 0.024509803921568627 0.03431372549019608 0.07352941176470588 0.03431372549019608 
0.05555555555555555 0.025252525252525252 0.05555555555555555 0.025252525252525252 0.025252525252525252 0.03535353535353535 0.025252525252525252 0.03535353535353535 0.045454545454545456 0.11616161616161616 0.19696969696969696 0.025252525252525252 0.045454545454545456 0.10606060606060606 0.03535353535353535 0.025252525252525252 0.025252525252525252 0.03535353535353535 0.03535353535353535 0.025252525252525252 
0.03900709219858156 0.031914893617021274 0.01773049645390071 0.031914893617021274 0.031914893617021274 0.01773049645390071 0.03900709219858156 0.03900709219858156 0.024822695035460994 0.06028368794326241 0.37943262411347517 0.024822695035460994 0.024822695035460994 0.05319148936170213 0.01773049645390071 0.04609929078014184 0.01773049645390071 0.04609929078014184 0.031914893617021274 0.024822695035460994 
0.02413793103448276 0.03793103448275862 0.03793103448275862 0.017241379310344827 0.03103448275862069 0.017241379310344827 0.017241379310344827 0.04482758620689655 0.02413793103448276 0.09310344827586207 0.29310344827586204 0.03103448275862069 0.03793103448275862 0.07241379310344828 0.02413793103448276 0.03793103448275862 0.03793103448275862 0.03103448275862069 0.06551724137931035 0.02413793103448276 
0.06 0.03333333333333333 0.04666666666666667 0.04666666666666667 0.04666666666666667 0.03333333333333333 0.03333333333333333 0.03333333333333333 0.04666666666666667 0.04666666666666667 0.1 0.11333333333333333 0.03333333333333333 0.04666666666666667 0.04666666666666667 0.04666666666666667 0.03333333333333333 0.06 0.06 0.03333333333333333 
0.04744525547445255 0.05474452554744526 0.040145985401459854 0.025547445255474453 0.01824817518248175 0.01824817518248175 0.05474452554744526 0.025547445255474453 0.01824817518248175 0.04744525547445255 0.08394160583941605 0.16423357664233576 0.032846715328467155 0.04744525547445255 0.06934306569343066 0.05474452554744526 0.08394160583941605 0.01824817518248175 0.07664233576642336 0.01824817518248175 
0.028089887640449437 0.028089887640449437 0.028089887640449437 0.03932584269662921 0.028089887640449437 0.07303370786516854 0.028089887640449437 0.03932584269662921 0.03932584269662921 0.03932584269662921 0.08426966292134831 0.10674157303370786 0.028089887640449437 0.028089887640449437 0.08426966292134831 0.07303370786516854 0.05056179775280899 0.03932584269662921 0.10674157303370786 0.028089887640449437 
0.05851063829787234 0.026595744680851064 0.047872340425531915 0.026595744680851064 0.05851063829787234 0.047872340425531915 0.026595744680851064 0.05851063829787234 0.026595744680851064 0.0797872340425532 0.10106382978723404 0.03723404255319149 0.09042553191489362 0.047872340425531915 0.026595744680851064 0.03723404255319149 0.0797872340425532 0.03723404255319149 0.047872340425531915 0.03723404255319149 
0.026515151515151516 0.14015151515151514 0.06439393939393939 0.01893939393939394 0.01893939393939394 0.056818181818181816 0.03409090909090909 0.03409090909090909 0.01893939393939394 0.10227272727272728 0.041666666666666664 0.08712121212121213 0.0946969696969697 0.041666666666666664 0.04924242424242424 0.03409090909090909 0.04924242424242424 0.026515151515151516 0.03409090909090909 0.026515151515151516 
0.033582089552238806 0.026119402985074626 0.08582089552238806 0.0708955223880597 0.018656716417910446 0.06343283582089553 0.033582089552238806 0.026119402985074626 0.026119402985074626 0.041044776119402986 0.041044776119402986 0.055970149253731345 0.10074626865671642 0.018656716417910446 0.055970149253731345 0.026119402985074626 0.13059701492537312 0.055970149253731345 0.033582089552238806 0.055970149253731345 
0.057692307692307696 0.23717948717948717 0.03205128205128205 0.03205128205128205 0.057692307692307696 0.04487179487179487 0.03205128205128205 0.03205128205128205 0.04487179487179487 0.04487179487179487 0.03205128205128205 0.03205128205128205 0.03205128205128205 0.057692307692307696 0.03205128205128205 0.04487179487179487 0.03205128205128205 0.03205128205128205 0.057692307692307696 0.03205128205128205 
0.038461538461538464 0.2264957264957265 0.021367521367521368 0.021367521367521368 0.029914529914529916 0.038461538461538464 0.021367521367521368 0.038461538461538464 0.038461538461538464 0.029914529914529916 0.038461538461538464 0.0811965811965812 0.021367521367521368 0.0641025641025641 0.029914529914529916 0.04700854700854701 0.10683760683760683 0.029914529914529916 0.038461538461538464 0.038461538461538464 
0.028688524590163935 0.29098360655737704 0.0778688524590164 0.028688524590163935 0.036885245901639344 0.028688524590163935 0.020491803278688523 0.020491803278688523 0.020491803278688523 0.11065573770491803 0.020491803278688523 0.020491803278688523 0.036885245901639344 0.045081967213114756 0.020491803278688523 0.028688524590163935 0.05327868852459016 0.045081967213114756 0.020491803278688523 0.045081967213114756 
0.05752212389380531 0.27876106194690264 0.030973451327433628 0.030973451327433628 0.03982300884955752 0.05752212389380531 0.022123893805309734 0.030973451327433628 0.022123893805309734 0.022123893805309734 0.022123893805309734 0.05752212389380531 0.05752212389380531 0.05752212389380531 0.030973451327433628 0.048672566371681415 0.022123893805309734 0.03982300884955752 0.03982300884955752 0.030973451327433628 
0.04198473282442748 0.2480916030534351 0.026717557251908396 0.019083969465648856 0.03435114503816794 0.019083969465648856 0.04961832061068702 0.019083969465648856 0.026717557251908396 0.03435114503816794 0.03435114503816794 0.04961832061068702 0.05725190839694656 0.03435114503816794 0.03435114503816794 0.08015267175572519 0.08015267175572519 0.019083969465648856 0.04961832061068702 0.04198473282442748 
0.032467532467532464 0.22727272727272727 0.032467532467532464 0.032467532467532464 0.07142857142857142 0.032467532467532464 0.045454545454545456 0.032467532467532464 0.032467532467532464 0.032467532467532464 0.032467532467532464 0.032467532467532464 0.045454545454545456 0.05844155844155844 0.032467532467532464 0.045454545454545456 0.032467532467532464 0.045454545454545456 0.07142857142857142 0.032467532467532464 
0.04296875 0.20703125 0.03515625 0.01953125 0.04296875 0.01953125 0.02734375 0.02734375 0.01953125 0.03515625 0.04296875 0.04296875 0.04296875 0.04296875 0.05859375 0.06640625 0.08984375 0.04296875 0.05078125 0.04296875 
0.03461538461538462 0.05 0.03461538461538462 0.03461538461538462 0.019230769230769232 0.08846153846153847 0.21153846153846154 0.026923076923076925 0.07307692307692308 0.057692307692307696 0.05 0.026923076923076925 0.04230769230769231 0.05 0.026923076923076925 0.07307692307692308 0.019230769230769232 0.019230769230769232 0.03461538461538462 0.026923076923076925 
0.02577319587628866 0.04639175257731959 0.02577319587628866 0.03608247422680412 0.03608247422680412 0.15979381443298968 0.18041237113402062 0.03608247422680412 0.02577319587628866 0.02577319587628866 0.05670103092783505 0.06701030927835051 0.05670103092783505 0.02577319587628866 0.03608247422680412 0.03608247422680412 0.02577319587628866 0.02577319587628866 0.04639175257731959 0.02577319587628866 
0.017123287671232876 0.023972602739726026 0.07191780821917808 0.03767123287671233 0.023972602739726026 0.1267123287671233 0.1952054794520548 0.030821917808219176 0.03767123287671233 0.05136986301369863 0.04452054794520548 0.030821917808219176 0.06506849315068493 0.023972602739726026 0.023972602739726026 0.05821917808219178 0.05821917808219178 0.03767123287671233 0.023972602739726026 0.017123287671232876 
0.024271844660194174 0.043689320388349516 0.024271844660194174 0.024271844660194174 0.043689320388349516 0.06310679611650485 0.07281553398058252 0.024271844660194174 0.024271844660194174 0.07281553398058252 0.2087378640776699 0.06310679611650485 0.024271844660194174 0.07281553398058252 0.03398058252427184 0.03398058252427184 0.05339805825242718 0.024271844660194174 0.043689320388349516 0.024271844660194174 
0.028409090909090908 0.03977272727272727 0.03977272727272727 0.07386363636363637 0.028409090909090908 0.028409090909090908 0.05113636363636364 0.028409090909090908 0.03977272727272727 0.028409090909090908 0.24431818181818182 0.07386363636363637 0.03977272727272727 0.05113636363636364 0.03977272727272727 0.028409090909090908 0.03977272727272727 0.028409090909090908 0.03977272727272727 0.028409090909090908 
0.04198473282442748 0.026717557251908396 0.03435114503816794 0.03435114503816794 0.026717557251908396 0.1183206106870229 0.026717557251908396 0.019083969465648856 0.019083969465648856 0.03435114503816794 0.27099236641221375 0.03435114503816794 0.026717557251908396 0.04198473282442748 0.03435114503816794 0.03435114503816794 0.03435114503816794 0.04961832061068702 0.05725190839694656 0.03435114503816794 
0.01824817518248175 0.040145985401459854 0.01824817518248175 0.032846715328467155 0.040145985401459854 0.08394160583941605 0.07664233576642336 0.025547445255474453 0.01824817518248175 0.05474452554744526 0.2664233576642336 0.040145985401459854 0.01824817518248175 0.040145985401459854 0.01824817518248175 0.040145985401459854 0.05474452554744526 0.06204379562043796 0.025547445255474453 0.025547445255474453 
0.02336448598130841 0.02336448598130841 0.04205607476635514 0.03271028037383177 0.0514018691588785 0.03271028037383177 0.02336448598130841 0.04205607476635514 0.02336448598130841 0.02336448598130841 0.19158878504672897 0.07009345794392523 0.03271028037383177 0.0514018691588785 0.0514018691588785 0.03271028037383177 0.14485981308411214 0.0514018691588785 0.02336448598130841 0.03271028037383177 
0.03153153153153153 0.04054054054054054 0.03153153153153153 0.04954954954954955 0.04954954954954955 0.03153153153153153 0.02252252252252252 0.03153153153153153 0.02252252252252252 0.02252252252252252 0.15765765765765766 0.06756756756756757 0.03153153153153153 0.04954954954954955 0.03153153153153153 0.07657657657657657 0.15765765765765766 0.03153153153153153 0.04054054054054054 0.02252252252252252 
0.02 0.044 0.052 0.06 0.02 0.028 0.052 0.076 0.02 0.052 0.18 0.052 0.028 0.068 0.028 0.108 0.044 0.028 0.02 0.02 
0.04945054945054945 0.04945054945054945 0.027472527472527472 0.04945054945054945 0.027472527472527472 0.08241758241758242 0.038461538461538464 0.038461538461538464 0.038461538461538464 0.038461538461538464 0.1813186813186813 0.04945054945054945 0.038461538461538464 0.07142857142857142 0.027472527472527472 0.06043956043956044 0.038461538461538464 0.038461538461538464 0.027472527472527472 0.027472527472527472 
0.025 0.08214285714285714 0.03214285714285714 0.03214285714285714 0.025 0.039285714285714285 0.025 0.025 0.025 0.017857142857142856 0.18928571428571428 0.09642857142857143 0.06785714285714285 0.017857142857142856 0.03214285714285714 0.04642857142857143 0.08928571428571429 0.025 0.05357142857142857 0.05357142857142857 
0.037815126050420166 0.06302521008403361 0.07142857142857142 0.046218487394957986 0.06302521008403361 0.07142857142857142 0.029411764705882353 0.037815126050420166 0.029411764705882353 0.037815126050420166 0.15546218487394958 0.029411764705882353 0.02100840336134454 0.046218487394957986 0.0546218487394958 0.046218487394957986 0.0546218487394958 0.046218487394957986 0.02100840336134454 0.037815126050420166 
0.030201342281879196 0.08389261744966443 0.05704697986577181 0.07718120805369127 0.016778523489932886 0.06375838926174497 0.016778523489932886 0.02348993288590604 0.03691275167785235 0.03691275167785235 0.2181208053691275 0.016778523489932886 0.02348993288590604 0.02348993288590604 0.030201342281879196 0.03691275167785235 0.07046979865771812 0.06375838926174497 0.02348993288590604 0.050335570469798654 
0.03571428571428571 0.03571428571428571 0.03571428571428571 0.03571428571428571 0.025510204081632654 0.07653061224489796 0.03571428571428571 0.03571428571428571 0.03571428571428571 0.03571428571428571 0.17857142857142858 0.03571428571428571 0.04591836734693878 0.03571428571428571 0.025510204081632654 0.07653061224489796 0.025510204081632654 0.05612244897959184 0.10714285714285714 0.025510204081632654 
0.0330188679245283 0.05188679245283019 0.02358490566037736 0.08018867924528301 0.04245283018867924 0.05188679245283019 0.02358490566037736 0.0330188679245283 0.04245283018867924 0.06132075471698113 0.18396226415094338 0.08018867924528301 0.05188679245283019 0.0330188679245283 0.02358490566037736 0.05188679245283019 0.04245283018867924 0.0330188679245283 0.0330188679245283 0.02358490566037736 
0.03398058252427184 0.024271844660194174 0.05339805825242718 0.043689320388349516 0.0825242718446602 0.03398058252427184 0.03398058252427184 0.03398058252427184 0.024271844660194174 0.06310679611650485 0.19902912621359223 0.06310679611650485 0.024271844660194174 0.024271844660194174 0.043689320388349516 0.024271844660194174 0.06310679611650485 0.03398058252427184 0.07281553398058252 0.024271844660194174 
0.0371900826446281 0.06198347107438017 0.02066115702479339 0.028925619834710745 0.07851239669421488 0.06198347107438017 0.0371900826446281 0.08677685950413223 0.028925619834710745 0.06198347107438017 0.15289256198347106 0.02066115702479339 0.028925619834710745 0.02066115702479339 0.028925619834710745 0.028925619834710745 0.09504132231404959 0.028925619834710745 0.06198347107438017 0.028925619834710745 
0.03977272727272727 0.03977272727272727 0.05113636363636364 0.03977272727272727 0.028409090909090908 0.028409090909090908 0.028409090909090908 0.0625 0.03977272727272727 0.10795454545454546 0.1534090909090909 0.0625 0.028409090909090908 0.05113636363636364 0.03977272727272727 0.03977272727272727 0.05113636363636364 0.03977272727272727 0.03977272727272727 0.028409090909090908 
0.041666666666666664 0.041666666666666664 0.03409090909090909 0.03409090909090909 0.03409090909090909 0.01893939393939394 0.01893939393939394 0.04924242424242424 0.026515151515151516 0.17803030303030304 0.23863636363636365 0.041666666666666664 0.03409090909090909 0.026515151515151516 0.026515151515151516 0.01893939393939394 0.026515151515151516 0.04924242424242424 0.03409090909090909 0.026515151515151516 
0.03594771241830065 0.016339869281045753 0.029411764705882353 0.03594771241830065 0.042483660130718956 0.03594771241830065 0.02287581699346405 0.02287581699346405 0.042483660130718956 0.13398692810457516 0.16666666666666666 0.10130718954248366 0.03594771241830065 0.05555555555555555 0.042483660130718956 0.042483660130718956 0.042483660130718956 0.02287581699346405 0.03594771241830065 0.03594771241830065 
0.03211009174311927 0.05045871559633028 0.05045871559633028 0.05963302752293578 0.06880733944954129 0.03211009174311927 0.022935779816513763 0.05045871559633028 0.022935779816513763 0.03211009174311927 0.12385321100917432 0.04128440366972477 0.05045871559633028 0.05963302752293578 0.05045871559633028 0.05045871559633028 0.03211009174311927 0.0779816513761468 0.05963302752293578 0.03211009174311927 
0.05670103092783505 0.02577319587628866 0.05670103092783505 0.08762886597938144 0.02577319587628866 0.05670103092783505 0.03608247422680412 0.03608247422680412 0.02577319587628866 0.03608247422680412 0.17010309278350516 0.03608247422680412 0.02577319587628866 0.02577319587628866 0.05670103092783505 0.05670103092783505 0.06701030927835051 0.04639175257731959 0.03608247422680412 0.03608247422680412 
0.034653465346534656 0.07425742574257425 0.034653465346534656 0.034653465346534656 0.06435643564356436 0.054455445544554455 0.054455445544554455 0.024752475247524754 0.034653465346534656 0.07425742574257425 0.08415841584158416 0.04455445544554455 0.034653465346534656 0.024752475247524754 0.04455445544554455 0.09405940594059406 0.04455445544554455 0.04455445544554455 0.06435643564356436 0.034653465346534656 
0.035211267605633804 0.035211267605633804 0.035211267605633804 0.06338028169014084 0.035211267605633804 0.035211267605633804 0.035211267605633804 0.035211267605633804 0.035211267605633804 0.04929577464788732 0.2605633802816901 0.035211267605633804 0.035211267605633804 0.035211267605633804 0.04929577464788732 0.035211267605633804 0.04929577464788732 0.035211267605633804 0.035211267605633804 0.035211267605633804 
0.03571428571428571 0.03571428571428571 0.05 0.05 0.03571428571428571 0.03571428571428571 0.05 0.03571428571428571 0.05 0.03571428571428571 0.20714285714285716 0.03571428571428571 0.05 0.03571428571428571 0.05 0.03571428571428571 0.06428571428571428 0.03571428571428571 0.03571428571428571 0.03571428571428571 
0.03571428571428571 0.03571428571428571 0.03571428571428571 0.09693877551020408 0.025510204081632654 0.03571428571428571 0.025510204081632654 0.0663265306122449 0.05612244897959184 0.0663265306122449 0.1683673469387755 0.03571428571428571 0.025510204081632654 0.03571428571428571 0.025510204081632654 0.03571428571428571 0.0663265306122449 0.0663265306122449 0.025510204081632654 0.03571428571428571 
0.022123893805309734 0.022123893805309734 0.084070796460177 0.048672566371681415 0.048672566371681415 0.03982300884955752 0.03982300884955752 0.03982300884955752 0.030973451327433628 0.06637168141592921 0.19911504424778761 0.03982300884955752 0.022123893805309734 0.0752212389380531 0.030973451327433628 0.048672566371681415 0.022123893805309734 0.030973451327433628 0.05752212389380531 0.030973451327433628 
0.019083969465648856 0.03435114503816794 0.09541984732824428 0.03435114503816794 0.019083969465648856 0.04961832061068702 0.03435114503816794 0.03435114503816794 0.03435114503816794 0.03435114503816794 0.23282442748091603 0.12595419847328243 0.04198473282442748 0.019083969465648856 0.04961832061068702 0.019083969465648856 0.04198473282442748 0.019083969465648856 0.026717557251908396 0.03435114503816794 
0.01937984496124031 0.04263565891472868 0.05813953488372093 0.03488372093023256 0.01937984496124031 0.10465116279069768 0.04263565891472868 0.07364341085271318 0.04263565891472868 0.01937984496124031 0.22868217054263565 0.04263565891472868 0.01937984496124031 0.03488372093023256 0.050387596899224806 0.01937984496124031 0.05813953488372093 0.027131782945736434 0.03488372093023256 0.027131782945736434 
0.024752475247524754 0.024752475247524754 0.054455445544554455 0.024752475247524754 0.06435643564356436 0.054455445544554455 0.054455445544554455 0.024752475247524754 0.04455445544554455 0.054455445544554455 0.21287128712871287 0.07425742574257425 0.054455445544554455 0.024752475247524754 0.034653465346534656 0.024752475247524754 0.024752475247524754 0.034653465346534656 0.054455445544554455 0.034653465346534656 
0.036885245901639344 0.020491803278688523 0.05327868852459016 0.10245901639344263 0.028688524590163935 0.028688524590163935 0.045081967213114756 0.06967213114754098 0.06967213114754098 0.028688524590163935 0.13524590163934427 0.045081967213114756 0.045081967213114756 0.028688524590163935 0.05327868852459016 0.020491803278688523 0.028688524590163935 0.045081967213114756 0.0778688524590164 0.036885245901639344 
0.034653465346534656 0.024752475247524754 0.024752475247524754 0.10396039603960396 0.034653465346534656 0.024752475247524754 0.034653465346534656 0.024752475247524754 0.054455445544554455 0.024752475247524754 0.19306930693069307 0.04455445544554455 0.04455445544554455 0.054455445544554455 0.04455445544554455 0.054455445544554455 0.034653465346534656 0.04455445544554455 0.07425742574257425 0.024752475247524754 
