0.052884615384615384 0.02403846153846154 0.02403846153846154 0.10096153846153846 0.02403846153846154 0.052884615384615384 0.20673076923076922 0.03365384615384615 0.07211538461538461 0.02403846153846154 0.03365384615384615 0.02403846153846154 0.02403846153846154 0.04326923076923077 0.052884615384615384 0.02403846153846154 0.04326923076923077 0.04326923076923077 0.07211538461538461 0.02403846153846154 
0.026041666666666668 0.036458333333333336 0.026041666666666668 0.09895833333333333 0.036458333333333336 0.06770833333333333 0.265625 0.026041666666666668 0.036458333333333336 0.046875 0.026041666666666668 0.026041666666666668 0.036458333333333336 0.026041666666666668 0.046875 0.036458333333333336 0.026041666666666668 0.046875 0.026041666666666668 0.036458333333333336 
0.024509803921568627 0.04411764705882353 0.024509803921568627 0.05392156862745098 0.024509803921568627 0.03431372549019608 0.14215686274509803 0.03431372549019608 0.25 0.04411764705882353 0.03431372549019608 0.03431372549019608 0.04411764705882353 0.024509803921568627 0.05392156862745098 0.024509803921568627 0.024509803921568627 0.03431372549019608 0.024509803921568627 0.024509803921568627 
0.040229885057471264 0.028735632183908046 0.028735632183908046 0.08620689655172414 0.06321839080459771 0.040229885057471264 0.15517241379310345 0.028735632183908046 0.07471264367816093 0.028735632183908046 0.028735632183908046 0.05172413793103448 0.028735632183908046 0.040229885057471264 0.028735632183908046 0.028735632183908046 0.040229885057471264 0.09770114942528736 0.040229885057471264 0.040229885057471264 
0.032407407407407406 0.032407407407407406 0.032407407407407406 0.041666666666666664 0.023148148148148147 0.032407407407407406 0.10648148148148148 0.032407407407407406 0.375 0.032407407407407406 0.023148148148148147 0.032407407407407406 0.023148148148148147 0.041666666666666664 0.023148148148148147 0.023148148148148147 0.023148148148148147 0.023148148148148147 0.023148148148148147 0.023148148148148147 
0.054878048780487805 0.042682926829268296 0.03048780487804878 0.03048780487804878 0.03048780487804878 0.054878048780487805 0.03048780487804878 0.042682926829268296 0.23780487804878048 0.03048780487804878 0.03048780487804878 0.054878048780487805 0.03048780487804878 0.06707317073170732 0.042682926829268296 0.042682926829268296 0.03048780487804878 0.042682926829268296 0.042682926829268296 0.03048780487804878 
0.042682926829268296 0.09146341463414634 0.03048780487804878 0.03048780487804878 0.042682926829268296 0.03048780487804878 0.03048780487804878 0.03048780487804878 0.21341463414634146 0.03048780487804878 0.03048780487804878 0.042682926829268296 0.03048780487804878 0.06707317073170732 0.042682926829268296 0.03048780487804878 0.09146341463414634 0.03048780487804878 0.03048780487804878 0.03048780487804878 
0.024509803921568627 0.024509803921568627 0.04411764705882353 0.06372549019607843 0.024509803921568627 0.024509803921568627 0.19117647058823528 0.024509803921568627 0.22058823529411764 0.05392156862745098 0.024509803921568627 0.024509803921568627 0.05392156862745098 0.024509803921568627 0.03431372549019608 0.024509803921568627 0.024509803921568627 0.024509803921568627 0.024509803921568627 0.04411764705882353 
0.022321428571428572 0.022321428571428572 0.022321428571428572 0.049107142857142856 0.022321428571428572 0.049107142857142856 0.40625 0.022321428571428572 0.04017857142857143 0.049107142857142856 0.022321428571428572 0.03125 0.022321428571428572 0.04017857142857143 0.022321428571428572 0.022321428571428572 0.03125 0.03125 0.04017857142857143 0.03125 
0.028089887640449437 0.028089887640449437 0.028089887640449437 0.028089887640449437 0.03932584269662921 0.03932584269662921 0.398876404494382 0.028089887640449437 0.03932584269662921 0.028089887640449437 0.028089887640449437 0.028089887640449437 0.028089887640449437 0.028089887640449437 0.028089887640449437 0.028089887640449437 0.03932584269662921 0.03932584269662921 0.03932584269662921 0.028089887640449437 
0.04198473282442748 0.04961832061068702 0.04198473282442748 0.0648854961832061 0.019083969465648856 0.04198473282442748 0.04961832061068702 0.03435114503816794 0.18702290076335878 0.0648854961832061 0.03435114503816794 0.16412213740458015 0.03435114503816794 0.019083969465648856 0.026717557251908396 0.04198473282442748 0.019083969465648856 0.026717557251908396 0.019083969465648856 0.019083969465648856 
0.046610169491525424 0.029661016949152543 0.029661016949152543 0.046610169491525424 0.029661016949152543 0.046610169491525424 0.046610169491525424 0.24152542372881355 0.0211864406779661 0.029661016949152543 0.0211864406779661 0.13983050847457626 0.038135593220338986 0.038135593220338986 0.029661016949152543 0.029661016949152543 0.038135593220338986 0.0211864406779661 0.038135593220338986 0.038135593220338986 
0.040145985401459854 0.025547445255474453 0.025547445255474453 0.040145985401459854 0.025547445255474453 0.025547445255474453 0.040145985401459854 0.22992700729927007 0.040145985401459854 0.06934306569343066 0.04744525547445255 0.12043795620437957 0.05474452554744526 0.01824817518248175 0.032846715328467155 0.04744525547445255 0.01824817518248175 0.040145985401459854 0.025547445255474453 0.032846715328467155 
0.03125 0.03125 0.022321428571428572 0.08482142857142858 0.022321428571428572 0.04017857142857143 0.03125 0.05803571428571429 0.04017857142857143 0.022321428571428572 0.022321428571428572 0.26339285714285715 0.07589285714285714 0.022321428571428572 0.049107142857142856 0.049107142857142856 0.03125 0.04017857142857143 0.022321428571428572 0.04017857142857143 
0.06321839080459771 0.05172413793103448 0.05172413793103448 0.028735632183908046 0.028735632183908046 0.05172413793103448 0.040229885057471264 0.05172413793103448 0.05172413793103448 0.040229885057471264 0.028735632183908046 0.15517241379310345 0.07471264367816093 0.08620689655172414 0.028735632183908046 0.028735632183908046 0.028735632183908046 0.040229885057471264 0.040229885057471264 0.028735632183908046 
0.036458333333333336 0.057291666666666664 0.026041666666666668 0.11979166666666667 0.026041666666666668 0.036458333333333336 0.036458333333333336 0.057291666666666664 0.026041666666666668 0.026041666666666668 0.026041666666666668 0.15104166666666666 0.036458333333333336 0.109375 0.057291666666666664 0.036458333333333336 0.036458333333333336 0.026041666666666668 0.046875 0.026041666666666668 
0.02358490566037736 0.02358490566037736 0.02358490566037736 0.0330188679245283 0.02358490566037736 0.04245283018867924 0.08018867924528301 0.0330188679245283 0.41037735849056606 0.0330188679245283 0.02358490566037736 0.02358490566037736 0.02358490566037736 0.0330188679245283 0.0330188679245283 0.0330188679245283 0.02358490566037736 0.02358490566037736 0.0330188679245283 0.02358490566037736 
0.02734375 0.05859375 0.01953125 0.02734375 0.02734375 0.01953125 0.04296875 0.01953125 0.26171875 0.01953125 0.02734375 0.03515625 0.08203125 0.02734375 0.01953125 0.01953125 0.03515625 0.18359375 0.01953125 0.02734375 
0.038135593220338986 0.046610169491525424 0.0211864406779661 0.0211864406779661 0.0211864406779661 0.038135593220338986 0.0635593220338983 0.0211864406779661 0.2584745762711864 0.046610169491525424 0.029661016949152543 0.07203389830508475 0.09745762711864407 0.038135593220338986 0.0635593220338983 0.029661016949152543 0.0211864406779661 0.0211864406779661 0.0211864406779661 0.029661016949152543 
0.02066115702479339 0.05371900826446281 0.02066115702479339 0.028925619834710745 0.05371900826446281 0.05371900826446281 0.06198347107438017 0.045454545454545456 0.30165289256198347 0.0371900826446281 0.045454545454545456 0.02066115702479339 0.05371900826446281 0.045454545454545456 0.028925619834710745 0.028925619834710745 0.02066115702479339 0.02066115702479339 0.028925619834710745 0.028925619834710745 
0.024509803921568627 0.08333333333333333 0.024509803921568627 0.05392156862745098 0.07352941176470588 0.03431372549019608 0.024509803921568627 0.024509803921568627 0.24019607843137256 0.024509803921568627 0.024509803921568627 0.03431372549019608 0.03431372549019608 0.024509803921568627 0.05392156862745098 0.04411764705882353 0.03431372549019608 0.04411764705882353 0.04411764705882353 0.05392156862745098 
0.018518518518518517 0.10740740740740741 0.025925925925925925 0.018518518518518517 0.025925925925925925 0.018518518518518517 0.03333333333333333 0.025925925925925925 0.15925925925925927 0.11481481481481481 0.018518518518518517 0.03333333333333333 0.07037037037037037 0.04814814814814815 0.06296296296296296 0.03333333333333333 0.03333333333333333 0.06296296296296296 0.05555555555555555 0.03333333333333333 
0.030973451327433628 0.05752212389380531 0.022123893805309734 0.030973451327433628 0.030973451327433628 0.03982300884955752 0.030973451327433628 0.022123893805309734 0.2610619469026549 0.10176991150442478 0.030973451327433628 0.022123893805309734 0.03982300884955752 0.030973451327433628 0.05752212389380531 0.030973451327433628 0.030973451327433628 0.030973451327433628 0.05752212389380531 0.03982300884955752 
0.026041666666666668 0.078125 0.026041666666666668 0.036458333333333336 0.06770833333333333 0.036458333333333336 0.036458333333333336 0.036458333333333336 0.22395833333333334 0.026041666666666668 0.036458333333333336 0.057291666666666664 0.046875 0.026041666666666668 0.046875 0.078125 0.026041666666666668 0.036458333333333336 0.026041666666666668 0.026041666666666668 
0.030973451327433628 0.12831858407079647 0.030973451327433628 0.03982300884955752 0.11061946902654868 0.030973451327433628 0.048672566371681415 0.030973451327433628 0.12831858407079647 0.048672566371681415 0.030973451327433628 0.03982300884955752 0.030973451327433628 0.022123893805309734 0.048672566371681415 0.030973451327433628 0.022123893805309734 0.03982300884955752 0.022123893805309734 0.084070796460177 
0.03125 0.03125 0.022321428571428572 0.049107142857142856 0.022321428571428572 0.04017857142857143 0.06696428571428571 0.022321428571428572 0.36160714285714285 0.04017857142857143 0.022321428571428572 0.022321428571428572 0.03125 0.03125 0.022321428571428572 0.022321428571428572 0.022321428571428572 0.022321428571428572 0.06696428571428571 0.049107142857142856 
0.03383458646616541 0.03383458646616541 0.02631578947368421 0.04887218045112782 0.018796992481203006 0.02631578947368421 0.02631578947368421 0.018796992481203006 0.31954887218045114 0.018796992481203006 0.018796992481203006 0.018796992481203006 0.02631578947368421 0.02631578947368421 0.07142857142857142 0.041353383458646614 0.018796992481203006 0.13909774436090225 0.041353383458646614 0.02631578947368421 
0.038461538461538464 0.029914529914529916 0.021367521367521368 0.0811965811965812 0.029914529914529916 0.038461538461538464 0.029914529914529916 0.021367521367521368 0.32051282051282054 0.021367521367521368 0.021367521367521368 0.09829059829059829 0.021367521367521368 0.029914529914529916 0.04700854700854701 0.021367521367521368 0.021367521367521368 0.038461538461538464 0.04700854700854701 0.021367521367521368 
0.022123893805309734 0.022123893805309734 0.022123893805309734 0.022123893805309734 0.022123893805309734 0.022123893805309734 0.084070796460177 0.030973451327433628 0.41150442477876104 0.030973451327433628 0.022123893805309734 0.030973451327433628 0.030973451327433628 0.022123893805309734 0.030973451327433628 0.022123893805309734 0.022123893805309734 0.030973451327433628 0.0752212389380531 0.022123893805309734 
0.041176470588235294 0.029411764705882353 0.029411764705882353 0.041176470588235294 0.029411764705882353 0.06470588235294118 0.052941176470588235 0.052941176470588235 0.27647058823529413 0.041176470588235294 0.041176470588235294 0.041176470588235294 0.041176470588235294 0.029411764705882353 0.029411764705882353 0.029411764705882353 0.041176470588235294 0.029411764705882353 0.029411764705882353 0.029411764705882353 
0.023809523809523808 0.08095238095238096 0.023809523809523808 0.05238095238095238 0.03333333333333333 0.07142857142857142 0.03333333333333333 0.023809523809523808 0.22380952380952382 0.05238095238095238 0.023809523809523808 0.023809523809523808 0.04285714285714286 0.03333333333333333 0.07142857142857142 0.03333333333333333 0.03333333333333333 0.03333333333333333 0.06190476190476191 0.023809523809523808 
0.022935779816513763 0.022935779816513763 0.03211009174311927 0.022935779816513763 0.05045871559633028 0.022935779816513763 0.06880733944954129 0.022935779816513763 0.15137614678899083 0.022935779816513763 0.022935779816513763 0.0779816513761468 0.04128440366972477 0.04128440366972477 0.05963302752293578 0.19724770642201836 0.03211009174311927 0.022935779816513763 0.022935779816513763 0.04128440366972477 
0.04430379746835443 0.04430379746835443 0.04430379746835443 0.04430379746835443 0.0949367088607595 0.08227848101265822 0.03164556962025317 0.03164556962025317 0.13291139240506328 0.04430379746835443 0.03164556962025317 0.03164556962025317 0.056962025316455694 0.03164556962025317 0.08227848101265822 0.03164556962025317 0.03164556962025317 0.03164556962025317 0.04430379746835443 0.03164556962025317 
0.035 0.045 0.025 0.035 0.025 0.065 0.045 0.035 0.225 0.035 0.095 0.025 0.045 0.025 0.025 0.045 0.045 0.035 0.055 0.035 
0.022123893805309734 0.048672566371681415 0.022123893805309734 0.048672566371681415 0.030973451327433628 0.03982300884955752 0.12831858407079647 0.022123893805309734 0.28761061946902655 0.022123893805309734 0.030973451327433628 0.022123893805309734 0.03982300884955752 0.022123893805309734 0.022123893805309734 0.022123893805309734 0.030973451327433628 0.030973451327433628 0.06637168141592921 0.03982300884955752 
0.022321428571428572 0.03125 0.022321428571428572 0.022321428571428572 0.022321428571428572 0.05803571428571429 0.12946428571428573 0.022321428571428572 0.34375 0.049107142857142856 0.022321428571428572 0.022321428571428572 0.05803571428571429 0.03125 0.022321428571428572 0.03125 0.022321428571428572 0.022321428571428572 0.022321428571428572 0.022321428571428572 
0.021551724137931036 0.021551724137931036 0.021551724137931036 0.021551724137931036 0.03017241379310345 0.03879310344827586 0.07327586206896551 0.021551724137931036 0.3146551724137931 0.03879310344827586 0.021551724137931036 0.021551724137931036 0.09913793103448276 0.05603448275862069 0.021551724137931036 0.021551724137931036 0.07327586206896551 0.021551724137931036 0.03017241379310345 0.03017241379310345 
0.03888888888888889 0.027777777777777776 0.027777777777777776 0.03888888888888889 0.027777777777777776 0.03888888888888889 0.08333333333333333 0.03888888888888889 0.22777777777777777 0.03888888888888889 0.027777777777777776 0.08333333333333333 0.06111111111111111 0.027777777777777776 0.027777777777777776 0.027777777777777776 0.027777777777777776 0.05 0.03888888888888889 0.03888888888888889 
0.03763440860215054 0.026881720430107527 0.026881720430107527 0.026881720430107527 0.026881720430107527 0.06989247311827956 0.0913978494623656 0.04838709677419355 0.22043010752688172 0.03763440860215054 0.026881720430107527 0.026881720430107527 0.06989247311827956 0.05913978494623656 0.026881720430107527 0.04838709677419355 0.03763440860215054 0.03763440860215054 0.026881720430107527 0.026881720430107527 
0.025510204081632654 0.025510204081632654 0.03571428571428571 0.03571428571428571 0.03571428571428571 0.0663265306122449 0.08673469387755102 0.03571428571428571 0.18877551020408162 0.03571428571428571 0.025510204081632654 0.025510204081632654 0.08673469387755102 0.04591836734693878 0.03571428571428571 0.04591836734693878 0.025510204081632654 0.03571428571428571 0.0663265306122449 0.03571428571428571 
0.024271844660194174 0.024271844660194174 0.03398058252427184 0.024271844660194174 0.024271844660194174 0.024271844660194174 0.21844660194174756 0.024271844660194174 0.24757281553398058 0.05339805825242718 0.03398058252427184 0.024271844660194174 0.024271844660194174 0.05339805825242718 0.024271844660194174 0.024271844660194174 0.024271844660194174 0.03398058252427184 0.024271844660194174 0.03398058252427184 
0.03070175438596491 0.03070175438596491 0.021929824561403508 0.04824561403508772 0.03070175438596491 0.021929824561403508 0.35526315789473684 0.021929824561403508 0.039473684210526314 0.021929824561403508 0.04824561403508772 0.021929824561403508 0.05701754385964912 0.021929824561403508 0.039473684210526314 0.03070175438596491 0.021929824561403508 0.04824561403508772 0.06578947368421052 0.021929824561403508 
0.034722222222222224 0.034722222222222224 0.034722222222222224 0.034722222222222224 0.034722222222222224 0.034722222222222224 0.22916666666666666 0.034722222222222224 0.034722222222222224 0.0625 0.034722222222222224 0.04861111111111111 0.0763888888888889 0.034722222222222224 0.034722222222222224 0.034722222222222224 0.034722222222222224 0.034722222222222224 0.034722222222222224 0.0625 
0.03271028037383177 0.02336448598130841 0.02336448598130841 0.03271028037383177 0.02336448598130841 0.03271028037383177 0.11682242990654206 0.03271028037383177 0.21962616822429906 0.0514018691588785 0.03271028037383177 0.0794392523364486 0.04205607476635514 0.04205607476635514 0.02336448598130841 0.0514018691588785 0.02336448598130841 0.03271028037383177 0.06074766355140187 0.02336448598130841 
0.02403846153846154 0.04326923076923077 0.02403846153846154 0.02403846153846154 0.02403846153846154 0.02403846153846154 0.03365384615384615 0.02403846153846154 0.03365384615384615 0.09134615384615384 0.03365384615384615 0.09134615384615384 0.052884615384615384 0.23557692307692307 0.052884615384615384 0.04326923076923077 0.02403846153846154 0.03365384615384615 0.052884615384615384 0.03365384615384615 
0.024509803921568627 0.05392156862745098 0.024509803921568627 0.024509803921568627 0.03431372549019608 0.024509803921568627 0.06372549019607843 0.024509803921568627 0.04411764705882353 0.024509803921568627 0.024509803921568627 0.27941176470588236 0.06372549019607843 0.03431372549019608 0.04411764705882353 0.05392156862745098 0.024509803921568627 0.07352941176470588 0.03431372549019608 0.024509803921568627 
0.032467532467532464 0.08441558441558442 0.032467532467532464 0.032467532467532464 0.05844155844155844 0.032467532467532464 0.08441558441558442 0.032467532467532464 0.032467532467532464 0.05844155844155844 0.05844155844155844 0.045454545454545456 0.032467532467532464 0.045454545454545456 0.045454545454545456 0.05844155844155844 0.032467532467532464 0.032467532467532464 0.13636363636363635 0.032467532467532464 
0.03289473684210526 0.046052631578947366 0.03289473684210526 0.03289473684210526 0.03289473684210526 0.046052631578947366 0.16447368421052633 0.03289473684210526 0.046052631578947366 0.05921052631578947 0.05921052631578947 0.03289473684210526 0.09868421052631579 0.03289473684210526 0.046052631578947366 0.03289473684210526 0.05921052631578947 0.03289473684210526 0.046052631578947366 0.03289473684210526 
0.03676470588235294 0.03676470588235294 0.03676470588235294 0.03676470588235294 0.03676470588235294 0.03676470588235294 0.21323529411764705 0.03676470588235294 0.03676470588235294 0.03676470588235294 0.03676470588235294 0.03676470588235294 0.0661764705882353 0.03676470588235294 0.051470588235294115 0.03676470588235294 0.03676470588235294 0.03676470588235294 0.0661764705882353 0.051470588235294115 
0.03289473684210526 0.046052631578947366 0.03289473684210526 0.046052631578947366 0.046052631578947366 0.05921052631578947 0.16447368421052633 0.03289473684210526 0.03289473684210526 0.07236842105263158 0.03289473684210526 0.046052631578947366 0.03289473684210526 0.03289473684210526 0.03289473684210526 0.05921052631578947 0.046052631578947366 0.046052631578947366 0.05921052631578947 0.046052631578947366 
0.026595744680851064 0.03723404255319149 0.026595744680851064 0.026595744680851064 0.026595744680851064 0.03723404255319149 0.2712765957446808 0.026595744680851064 0.03723404255319149 0.12234042553191489 0.03723404255319149 0.03723404255319149 0.026595744680851064 0.047872340425531915 0.06914893617021277 0.026595744680851064 0.026595744680851064 0.026595744680851064 0.026595744680851064 0.03723404255319149 
0.034653465346534656 0.034653465346534656 0.024752475247524754 0.024752475247524754 0.024752475247524754 0.04455445544554455 0.3613861386138614 0.024752475247524754 0.04455445544554455 0.04455445544554455 0.04455445544554455 0.054455445544554455 0.024752475247524754 0.024752475247524754 0.034653465346534656 0.024752475247524754 0.024752475247524754 0.024752475247524754 0.034653465346534656 0.04455445544554455 
0.03431372549019608 0.07352941176470588 0.024509803921568627 0.03431372549019608 0.024509803921568627 0.06372549019607843 0.27941176470588236 0.024509803921568627 0.024509803921568627 0.04411764705882353 0.04411764705882353 0.04411764705882353 0.024509803921568627 0.05392156862745098 0.04411764705882353 0.024509803921568627 0.024509803921568627 0.03431372549019608 0.05392156862745098 0.024509803921568627 
0.023148148148148147 0.0787037037037037 0.023148148148148147 0.032407407407407406 0.05092592592592592 0.032407407407407406 0.4305555555555556 0.023148148148148147 0.023148148148148147 0.041666666666666664 0.023148148148148147 0.023148148148148147 0.032407407407407406 0.023148148148148147 0.023148148148148147 0.023148148148148147 0.023148148148148147 0.023148148148148147 0.023148148148148147 0.023148148148148147 
0.024509803921568627 0.05392156862745098 0.03431372549019608 0.04411764705882353 0.04411764705882353 0.03431372549019608 0.19117647058823528 0.024509803921568627 0.024509803921568627 0.11274509803921569 0.03431372549019608 0.03431372549019608 0.03431372549019608 0.04411764705882353 0.03431372549019608 0.03431372549019608 0.03431372549019608 0.024509803921568627 0.04411764705882353 0.09313725490196079 
0.030120481927710843 0.06626506024096386 0.030120481927710843 0.05421686746987952 0.030120481927710843 0.030120481927710843 0.1746987951807229 0.030120481927710843 0.030120481927710843 0.06626506024096386 0.030120481927710843 0.030120481927710843 0.16265060240963855 0.030120481927710843 0.04216867469879518 0.030120481927710843 0.030120481927710843 0.030120481927710843 0.04216867469879518 0.030120481927710843 
0.022727272727272728 0.05 0.031818181818181815 0.04090909090909091 0.022727272727272728 0.04090909090909091 0.21363636363636362 0.031818181818181815 0.031818181818181815 0.031818181818181815 0.022727272727272728 0.031818181818181815 0.1409090909090909 0.08636363636363636 0.022727272727272728 0.022727272727272728 0.022727272727272728 0.05 0.05 0.031818181818181815 
0.023148148148148147 0.023148148148148147 0.032407407407407406 0.05092592592592592 0.041666666666666664 0.023148148148148147 0.22685185185185186 0.023148148148148147 0.06944444444444445 0.023148148148148147 0.032407407407407406 0.023148148148148147 0.1712962962962963 0.032407407407407406 0.032407407407407406 0.032407407407407406 0.023148148148148147 0.023148148148148147 0.032407407407407406 0.06018518518518518 
0.033783783783783786 0.033783783783783786 0.033783783783783786 0.033783783783783786 0.033783783783783786 0.033783783783783786 0.19594594594594594 0.033783783783783786 0.033783783783783786 0.060810810810810814 0.060810810810810814 0.0472972972972973 0.033783783783783786 0.07432432432432433 0.060810810810810814 0.033783783783783786 0.033783783783783786 0.033783783783783786 0.033783783783783786 0.060810810810810814 
0.030973451327433628 0.084070796460177 0.048672566371681415 0.022123893805309734 0.022123893805309734 0.03982300884955752 0.11061946902654868 0.030973451327433628 0.06637168141592921 0.048672566371681415 0.05752212389380531 0.022123893805309734 0.030973451327433628 0.030973451327433628 0.048672566371681415 0.030973451327433628 0.09292035398230089 0.06637168141592921 0.03982300884955752 0.0752212389380531 
0.024752475247524754 0.034653465346534656 0.024752475247524754 0.034653465346534656 0.3118811881188119 0.024752475247524754 0.054455445544554455 0.024752475247524754 0.024752475247524754 0.024752475247524754 0.06435643564356436 0.024752475247524754 0.024752475247524754 0.08415841584158416 0.024752475247524754 0.024752475247524754 0.024752475247524754 0.034653465346534656 0.024752475247524754 0.08415841584158416 
0.029411764705882353 0.06470588235294118 0.041176470588235294 0.052941176470588235 0.041176470588235294 0.029411764705882353 0.22941176470588234 0.029411764705882353 0.041176470588235294 0.06470588235294118 0.029411764705882353 0.029411764705882353 0.041176470588235294 0.041176470588235294 0.041176470588235294 0.029411764705882353 0.029411764705882353 0.029411764705882353 0.052941176470588235 0.052941176470588235 
0.026923076923076925 0.057692307692307696 0.019230769230769232 0.057692307692307696 0.07307692307692308 0.026923076923076925 0.38846153846153847 0.019230769230769232 0.03461538461538462 0.04230769230769231 0.019230769230769232 0.026923076923076925 0.026923076923076925 0.019230769230769232 0.019230769230769232 0.026923076923076925 0.019230769230769232 0.019230769230769232 0.03461538461538462 0.04230769230769231 
0.021367521367521368 0.12393162393162394 0.021367521367521368 0.08974358974358974 0.04700854700854701 0.021367521367521368 0.25213675213675213 0.021367521367521368 0.029914529914529916 0.04700854700854701 0.038461538461538464 0.021367521367521368 0.029914529914529916 0.029914529914529916 0.021367521367521368 0.04700854700854701 0.021367521367521368 0.021367521367521368 0.05555555555555555 0.038461538461538464 
0.03125 0.04375 0.04375 0.03125 0.03125 0.03125 0.09375 0.04375 0.05625 0.04375 0.03125 0.03125 0.04375 0.04375 0.24375 0.03125 0.03125 0.03125 0.03125 0.03125 
0.024509803921568627 0.09313725490196079 0.04411764705882353 0.04411764705882353 0.024509803921568627 0.05392156862745098 0.07352941176470588 0.04411764705882353 0.08333333333333333 0.03431372549019608 0.03431372549019608 0.04411764705882353 0.03431372549019608 0.03431372549019608 0.2107843137254902 0.024509803921568627 0.024509803921568627 0.024509803921568627 0.024509803921568627 0.024509803921568627 
0.01968503937007874 0.03543307086614173 0.03543307086614173 0.01968503937007874 0.01968503937007874 0.027559055118110236 0.2559055118110236 0.03543307086614173 0.027559055118110236 0.03543307086614173 0.027559055118110236 0.01968503937007874 0.027559055118110236 0.051181102362204724 0.20866141732283464 0.03543307086614173 0.027559055118110236 0.04330708661417323 0.01968503937007874 0.027559055118110236 
0.02631578947368421 0.03684210526315789 0.03684210526315789 0.02631578947368421 0.03684210526315789 0.03684210526315789 0.02631578947368421 0.03684210526315789 0.04736842105263158 0.02631578947368421 0.04736842105263158 0.03684210526315789 0.02631578947368421 0.02631578947368421 0.3 0.04736842105263158 0.07894736842105263 0.02631578947368421 0.04736842105263158 0.02631578947368421 
0.02252252252252252 0.05855855855855856 0.04954954954954955 0.06756756756756757 0.02252252252252252 0.04054054054054054 0.05855855855855856 0.02252252252252252 0.05855855855855856 0.04054054054054054 0.04054054054054054 0.02252252252252252 0.04054054054054054 0.02252252252252252 0.2927927927927928 0.02252252252252252 0.02252252252252252 0.04054054054054054 0.02252252252252252 0.03153153153153153 
0.029411764705882353 0.029411764705882353 0.041176470588235294 0.029411764705882353 0.029411764705882353 0.029411764705882353 0.041176470588235294 0.029411764705882353 0.17058823529411765 0.029411764705882353 0.029411764705882353 0.029411764705882353 0.041176470588235294 0.029411764705882353 0.2529411764705882 0.029411764705882353 0.029411764705882353 0.041176470588235294 0.029411764705882353 0.029411764705882353 
0.02066115702479339 0.045454545454545456 0.028925619834710745 0.05371900826446281 0.02066115702479339 0.028925619834710745 0.13636363636363635 0.028925619834710745 0.0371900826446281 0.09504132231404959 0.0371900826446281 0.02066115702479339 0.028925619834710745 0.06198347107438017 0.2024793388429752 0.02066115702479339 0.028925619834710745 0.045454545454545456 0.028925619834710745 0.028925619834710745 
0.02336448598130841 0.02336448598130841 0.02336448598130841 0.02336448598130841 0.03271028037383177 0.03271028037383177 0.1542056074766355 0.03271028037383177 0.02336448598130841 0.06074766355140187 0.02336448598130841 0.06074766355140187 0.0514018691588785 0.04205607476635514 0.03271028037383177 0.03271028037383177 0.02336448598130841 0.22897196261682243 0.04205607476635514 0.03271028037383177 
0.040697674418604654 0.0755813953488372 0.029069767441860465 0.029069767441860465 0.029069767441860465 0.029069767441860465 0.040697674418604654 0.05232558139534884 0.05232558139534884 0.029069767441860465 0.040697674418604654 0.029069767441860465 0.029069767441860465 0.05232558139534884 0.0755813953488372 0.040697674418604654 0.040697674418604654 0.19186046511627908 0.040697674418604654 0.05232558139534884 
0.029166666666666667 0.07916666666666666 0.020833333333333332 0.0625 0.020833333333333332 0.0625 0.10416666666666667 0.020833333333333332 0.0625 0.04583333333333333 0.029166666666666667 0.020833333333333332 0.029166666666666667 0.0875 0.029166666666666667 0.0375 0.0375 0.1375 0.029166666666666667 0.05416666666666667 
0.027472527472527472 0.038461538461538464 0.027472527472527472 0.027472527472527472 0.027472527472527472 0.027472527472527472 0.2692307692307692 0.027472527472527472 0.027472527472527472 0.06043956043956044 0.038461538461538464 0.027472527472527472 0.04945054945054945 0.08241758241758242 0.038461538461538464 0.027472527472527472 0.038461538461538464 0.04945054945054945 0.038461538461538464 0.04945054945054945 
0.030120481927710843 0.030120481927710843 0.030120481927710843 0.030120481927710843 0.030120481927710843 0.04216867469879518 0.3192771084337349 0.030120481927710843 0.030120481927710843 0.030120481927710843 0.030120481927710843 0.04216867469879518 0.05421686746987952 0.04216867469879518 0.030120481927710843 0.030120481927710843 0.030120481927710843 0.04216867469879518 0.030120481927710843 0.06626506024096386 
0.028 0.092 0.02 0.02 0.028 0.02 0.34 0.02 0.02 0.108 0.02 0.02 0.028 0.044 0.044 0.028 0.02 0.028 0.036 0.036 
0.04285714285714286 0.04285714285714286 0.023809523809523808 0.03333333333333333 0.023809523809523808 0.03333333333333333 0.2619047619047619 0.03333333333333333 0.03333333333333333 0.08095238095238096 0.023809523809523808 0.04285714285714286 0.05238095238095238 0.03333333333333333 0.05238095238095238 0.03333333333333333 0.023809523809523808 0.03333333333333333 0.023809523809523808 0.07142857142857142 
0.028089887640449437 0.10674157303370786 0.03932584269662921 0.03932584269662921 0.06179775280898876 0.028089887640449437 0.21910112359550563 0.028089887640449437 0.028089887640449437 0.028089887640449437 0.028089887640449437 0.028089887640449437 0.12921348314606743 0.028089887640449437 0.028089887640449437 0.028089887640449437 0.028089887640449437 0.028089887640449437 0.028089887640449437 0.03932584269662921 
0.028735632183908046 0.06321839080459771 0.040229885057471264 0.040229885057471264 0.028735632183908046 0.040229885057471264 0.16666666666666666 0.028735632183908046 0.05172413793103448 0.05172413793103448 0.05172413793103448 0.040229885057471264 0.13218390804597702 0.040229885057471264 0.028735632183908046 0.028735632183908046 0.028735632183908046 0.028735632183908046 0.040229885057471264 0.040229885057471264 
0.022935779816513763 0.04128440366972477 0.022935779816513763 0.022935779816513763 0.06880733944954129 0.04128440366972477 0.2981651376146789 0.022935779816513763 0.03211009174311927 0.05045871559633028 0.04128440366972477 0.022935779816513763 0.05963302752293578 0.022935779816513763 0.05045871559633028 0.05045871559633028 0.022935779816513763 0.022935779816513763 0.05963302752293578 0.022935779816513763 
0.03125 0.05625 0.05625 0.05625 0.04375 0.04375 0.23125 0.03125 0.03125 0.03125 0.04375 0.03125 0.06875 0.03125 0.03125 0.03125 0.03125 0.04375 0.04375 0.03125 
0.023148148148148147 0.10648148148148148 0.023148148148148147 0.032407407407407406 0.032407407407407406 0.09722222222222222 0.25462962962962965 0.023148148148148147 0.06944444444444445 0.041666666666666664 0.05092592592592592 0.041666666666666664 0.032407407407407406 0.032407407407407406 0.023148148148148147 0.023148148148148147 0.023148148148148147 0.023148148148148147 0.023148148148148147 0.023148148148148147 
0.02631578947368421 0.06842105263157895 0.02631578947368421 0.06842105263157895 0.03684210526315789 0.06842105263157895 0.2894736842105263 0.02631578947368421 0.04736842105263158 0.03684210526315789 0.03684210526315789 0.04736842105263158 0.02631578947368421 0.02631578947368421 0.02631578947368421 0.02631578947368421 0.03684210526315789 0.02631578947368421 0.02631578947368421 0.02631578947368421 
0.020161290322580645 0.14919354838709678 0.036290322580645164 0.036290322580645164 0.04435483870967742 0.05241935483870968 0.2782258064516129 0.036290322580645164 0.028225806451612902 0.020161290322580645 0.020161290322580645 0.020161290322580645 0.036290322580645164 0.036290322580645164 0.05241935483870968 0.028225806451612902 0.020161290322580645 0.028225806451612902 0.036290322580645164 0.020161290322580645 
0.032407407407407406 0.041666666666666664 0.032407407407407406 0.06018518518518518 0.06944444444444445 0.032407407407407406 0.18981481481481483 0.023148148148148147 0.041666666666666664 0.14351851851851852 0.032407407407407406 0.032407407407407406 0.032407407407407406 0.032407407407407406 0.06018518518518518 0.023148148148148147 0.041666666666666664 0.032407407407407406 0.023148148148148147 0.023148148148148147 
0.040229885057471264 0.028735632183908046 0.028735632183908046 0.028735632183908046 0.040229885057471264 0.028735632183908046 0.25862068965517243 0.028735632183908046 0.040229885057471264 0.06321839080459771 0.040229885057471264 0.040229885057471264 0.040229885057471264 0.05172413793103448 0.040229885057471264 0.06321839080459771 0.028735632183908046 0.028735632183908046 0.05172413793103448 0.028735632183908046 
0.025252525252525252 0.025252525252525252 0.025252525252525252 0.03535353535353535 0.025252525252525252 0.03535353535353535 0.3282828282828283 0.025252525252525252 0.03535353535353535 0.03535353535353535 0.09595959595959595 0.03535353535353535 0.025252525252525252 0.07575757575757576 0.025252525252525252 0.025252525252525252 0.025252525252525252 0.025252525252525252 0.03535353535353535 0.03535353535353535 
0.047872340425531915 0.05851063829787234 0.03723404255319149 0.05851063829787234 0.047872340425531915 0.03723404255319149 0.15425531914893617 0.047872340425531915 0.026595744680851064 0.047872340425531915 0.06914893617021277 0.03723404255319149 0.05851063829787234 0.03723404255319149 0.06914893617021277 0.03723404255319149 0.026595744680851064 0.026595744680851064 0.03723404255319149 0.03723404255319149 
0.05844155844155844 0.032467532467532464 0.032467532467532464 0.045454545454545456 0.045454545454545456 0.045454545454545456 0.12337662337662338 0.032467532467532464 0.032467532467532464 0.032467532467532464 0.032467532467532464 0.032467532467532464 0.18831168831168832 0.045454545454545456 0.032467532467532464 0.032467532467532464 0.032467532467532464 0.045454545454545456 0.045454545454545456 0.032467532467532464 
0.03932584269662921 0.05056179775280899 0.05056179775280899 0.03932584269662921 0.06179775280898876 0.03932584269662921 0.08426966292134831 0.028089887640449437 0.03932584269662921 0.028089887640449437 0.028089887640449437 0.028089887640449437 0.19662921348314608 0.05056179775280899 0.03932584269662921 0.028089887640449437 0.028089887640449437 0.03932584269662921 0.03932584269662921 0.06179775280898876 
0.03515625 0.05859375 0.02734375 0.01953125 0.04296875 0.04296875 0.06640625 0.02734375 0.02734375 0.01953125 0.03515625 0.04296875 0.22265625 0.02734375 0.05859375 0.02734375 0.01953125 0.06640625 0.05859375 0.07421875 
0.026041666666666668 0.046875 0.026041666666666668 0.057291666666666664 0.026041666666666668 0.057291666666666664 0.18229166666666666 0.026041666666666668 0.036458333333333336 0.06770833333333333 0.13020833333333334 0.046875 0.046875 0.046875 0.026041666666666668 0.026041666666666668 0.026041666666666668 0.026041666666666668 0.046875 0.026041666666666668 
0.02976190476190476 0.02976190476190476 0.02976190476190476 0.05357142857142857 0.041666666666666664 0.041666666666666664 0.1130952380952381 0.02976190476190476 0.041666666666666664 0.10119047619047619 0.08928571428571429 0.041666666666666664 0.06547619047619048 0.08928571428571429 0.02976190476190476 0.02976190476190476 0.02976190476190476 0.041666666666666664 0.041666666666666664 0.02976190476190476 
0.028089887640449437 0.028089887640449437 0.028089887640449437 0.03932584269662921 0.028089887640449437 0.03932584269662921 0.11797752808988764 0.03932584269662921 0.07303370786516854 0.1404494382022472 0.03932584269662921 0.028089887640449437 0.028089887640449437 0.07303370786516854 0.03932584269662921 0.03932584269662921 0.03932584269662921 0.03932584269662921 0.03932584269662921 0.07303370786516854 
0.030864197530864196 0.043209876543209874 0.030864197530864196 0.030864197530864196 0.030864197530864196 0.030864197530864196 0.29012345679012347 0.030864197530864196 0.030864197530864196 0.030864197530864196 0.030864197530864196 0.043209876543209874 0.05555555555555555 0.043209876543209874 0.030864197530864196 0.030864197530864196 0.043209876543209874 0.043209876543209874 0.030864197530864196 0.06790123456790123 
0.042682926829268296 0.03048780487804878 0.03048780487804878 0.03048780487804878 0.03048780487804878 0.03048780487804878 0.3475609756097561 0.03048780487804878 0.03048780487804878 0.054878048780487805 0.042682926829268296 0.03048780487804878 0.03048780487804878 0.03048780487804878 0.03048780487804878 0.03048780487804878 0.03048780487804878 0.042682926829268296 0.042682926829268296 0.03048780487804878 
0.027777777777777776 0.06111111111111111 0.03888888888888889 0.03888888888888889 0.027777777777777776 0.05 0.22777777777777777 0.027777777777777776 0.027777777777777776 0.05 0.05 0.027777777777777776 0.05 0.03888888888888889 0.03888888888888889 0.027777777777777776 0.03888888888888889 0.05 0.06111111111111111 0.03888888888888889 
0.02032520325203252 0.02032520325203252 0.028455284552845527 0.044715447154471545 0.036585365853658534 0.028455284552845527 0.491869918699187 0.02032520325203252 0.02032520325203252 0.02032520325203252 0.02032520325203252 0.028455284552845527 0.036585365853658534 0.044715447154471545 0.02032520325203252 0.02032520325203252 0.02032520325203252 0.02032520325203252 0.028455284552845527 0.028455284552845527 
0.024752475247524754 0.034653465346534656 0.024752475247524754 0.054455445544554455 0.04455445544554455 0.11386138613861387 0.3316831683168317 0.024752475247524754 0.024752475247524754 0.024752475247524754 0.024752475247524754 0.034653465346534656 0.034653465346534656 0.054455445544554455 0.024752475247524754 0.024752475247524754 0.024752475247524754 0.024752475247524754 0.024752475247524754 0.024752475247524754 
0.04326923076923077 0.07211538461538461 0.02403846153846154 0.04326923076923077 0.03365384615384615 0.02403846153846154 0.3701923076923077 0.03365384615384615 0.02403846153846154 0.03365384615384615 0.03365384615384615 0.03365384615384615 0.02403846153846154 0.052884615384615384 0.02403846153846154 0.02403846153846154 0.02403846153846154 0.03365384615384615 0.02403846153846154 0.02403846153846154 
0.027777777777777776 0.03888888888888889 0.027777777777777776 0.03888888888888889 0.03888888888888889 0.03888888888888889 0.3055555555555556 0.027777777777777776 0.07222222222222222 0.03888888888888889 0.05 0.03888888888888889 0.03888888888888889 0.027777777777777776 0.03888888888888889 0.027777777777777776 0.027777777777777776 0.027777777777777776 0.03888888888888889 0.027777777777777776 
