0.04326923076923077 0.02403846153846154 0.04326923076923077 0.02403846153846154 0.04326923076923077 0.03365384615384615 0.16826923076923078 0.02403846153846154 0.04326923076923077 0.03365384615384615 0.02403846153846154 0.0625 0.02403846153846154 0.12980769230769232 0.0625 0.03365384615384615 0.052884615384615384 0.052884615384615384 0.052884615384615384 0.02403846153846154 
0.026041666666666668 0.026041666666666668 0.026041666666666668 0.11979166666666667 0.046875 0.046875 0.140625 0.026041666666666668 0.046875 0.109375 0.026041666666666668 0.046875 0.026041666666666668 0.026041666666666668 0.026041666666666668 0.036458333333333336 0.046875 0.036458333333333336 0.046875 0.06770833333333333 
0.024509803921568627 0.03431372549019608 0.024509803921568627 0.05392156862745098 0.024509803921568627 0.04411764705882353 0.1323529411764706 0.024509803921568627 0.25 0.03431372549019608 0.024509803921568627 0.024509803921568627 0.04411764705882353 0.024509803921568627 0.07352941176470588 0.03431372549019608 0.024509803921568627 0.03431372549019608 0.04411764705882353 0.024509803921568627 
0.028735632183908046 0.040229885057471264 0.028735632183908046 0.08620689655172414 0.040229885057471264 0.06321839080459771 0.13218390804597702 0.040229885057471264 0.07471264367816093 0.040229885057471264 0.040229885057471264 0.028735632183908046 0.040229885057471264 0.05172413793103448 0.040229885057471264 0.028735632183908046 0.028735632183908046 0.07471264367816093 0.06321839080459771 0.028735632183908046 
0.032407407407407406 0.032407407407407406 0.023148148148148147 0.023148148148148147 0.023148148148148147 0.032407407407407406 0.11574074074074074 0.023148148148148147 0.35648148148148145 0.06018518518518518 0.023148148148148147 0.023148148148148147 0.023148148148148147 0.041666666666666664 0.023148148148148147 0.023148148148148147 0.023148148148148147 0.023148148148148147 0.041666666666666664 0.032407407407407406 
0.042682926829268296 0.10365853658536585 0.03048780487804878 0.03048780487804878 0.03048780487804878 0.03048780487804878 0.042682926829268296 0.03048780487804878 0.2621951219512195 0.03048780487804878 0.03048780487804878 0.03048780487804878 0.03048780487804878 0.06707317073170732 0.042682926829268296 0.042682926829268296 0.03048780487804878 0.03048780487804878 0.03048780487804878 0.03048780487804878 
0.042682926829268296 0.09146341463414634 0.042682926829268296 0.042682926829268296 0.03048780487804878 0.054878048780487805 0.03048780487804878 0.03048780487804878 0.16463414634146342 0.042682926829268296 0.03048780487804878 0.03048780487804878 0.03048780487804878 0.054878048780487805 0.03048780487804878 0.042682926829268296 0.09146341463414634 0.03048780487804878 0.042682926829268296 0.042682926829268296 
0.024509803921568627 0.024509803921568627 0.024509803921568627 0.05392156862745098 0.024509803921568627 0.024509803921568627 0.18137254901960784 0.024509803921568627 0.25 0.03431372549019608 0.024509803921568627 0.03431372549019608 0.05392156862745098 0.024509803921568627 0.024509803921568627 0.03431372549019608 0.024509803921568627 0.05392156862745098 0.024509803921568627 0.03431372549019608 
0.022321428571428572 0.04017857142857143 0.03125 0.04017857142857143 0.022321428571428572 0.05803571428571429 0.3705357142857143 0.022321428571428572 0.022321428571428572 0.04017857142857143 0.03125 0.022321428571428572 0.05803571428571429 0.022321428571428572 0.03125 0.022321428571428572 0.022321428571428572 0.022321428571428572 0.06696428571428571 0.03125 
0.028089887640449437 0.028089887640449437 0.028089887640449437 0.028089887640449437 0.03932584269662921 0.05056179775280899 0.37640449438202245 0.028089887640449437 0.028089887640449437 0.05056179775280899 0.03932584269662921 0.028089887640449437 0.03932584269662921 0.028089887640449437 0.028089887640449437 0.028089887640449437 0.028089887640449437 0.028089887640449437 0.028089887640449437 0.03932584269662921 
0.05725190839694656 0.03435114503816794 0.05725190839694656 0.07251908396946564 0.05725190839694656 0.026717557251908396 0.0648854961832061 0.04961832061068702 0.15648854961832062 0.04961832061068702 0.026717557251908396 0.12595419847328243 0.026717557251908396 0.026717557251908396 0.026717557251908396 0.04198473282442748 0.019083969465648856 0.026717557251908396 0.019083969465648856 0.03435114503816794 
0.0211864406779661 0.038135593220338986 0.038135593220338986 0.046610169491525424 0.0211864406779661 0.07203389830508475 0.029661016949152543 0.2584745762711864 0.038135593220338986 0.029661016949152543 0.0211864406779661 0.1059322033898305 0.038135593220338986 0.0211864406779661 0.05508474576271186 0.05508474576271186 0.029661016949152543 0.0211864406779661 0.0211864406779661 0.038135593220338986 
0.040145985401459854 0.040145985401459854 0.040145985401459854 0.06934306569343066 0.025547445255474453 0.04744525547445255 0.06934306569343066 0.19343065693430658 0.040145985401459854 0.08394160583941605 0.04744525547445255 0.07664233576642336 0.01824817518248175 0.032846715328467155 0.040145985401459854 0.040145985401459854 0.025547445255474453 0.01824817518248175 0.01824817518248175 0.032846715328467155 
0.049107142857142856 0.049107142857142856 0.03125 0.12946428571428573 0.022321428571428572 0.03125 0.022321428571428572 0.049107142857142856 0.06696428571428571 0.022321428571428572 0.049107142857142856 0.17410714285714285 0.09375 0.04017857142857143 0.03125 0.03125 0.022321428571428572 0.03125 0.022321428571428572 0.03125 
0.06321839080459771 0.06321839080459771 0.06321839080459771 0.05172413793103448 0.028735632183908046 0.07471264367816093 0.040229885057471264 0.05172413793103448 0.06321839080459771 0.028735632183908046 0.028735632183908046 0.08620689655172414 0.028735632183908046 0.05172413793103448 0.06321839080459771 0.05172413793103448 0.028735632183908046 0.06321839080459771 0.040229885057471264 0.028735632183908046 
0.046875 0.06770833333333333 0.046875 0.109375 0.036458333333333336 0.036458333333333336 0.026041666666666668 0.078125 0.06770833333333333 0.026041666666666668 0.026041666666666668 0.109375 0.046875 0.06770833333333333 0.036458333333333336 0.057291666666666664 0.026041666666666668 0.026041666666666668 0.026041666666666668 0.036458333333333336 
0.0330188679245283 0.0330188679245283 0.02358490566037736 0.0330188679245283 0.02358490566037736 0.04245283018867924 0.07075471698113207 0.02358490566037736 0.3443396226415094 0.07075471698113207 0.02358490566037736 0.0330188679245283 0.02358490566037736 0.0330188679245283 0.0330188679245283 0.0330188679245283 0.02358490566037736 0.02358490566037736 0.05188679245283019 0.02358490566037736 
0.01953125 0.04296875 0.02734375 0.05859375 0.01953125 0.02734375 0.04296875 0.01953125 0.38671875 0.01953125 0.01953125 0.03515625 0.05078125 0.02734375 0.03515625 0.01953125 0.01953125 0.07421875 0.02734375 0.02734375 
0.029661016949152543 0.05508474576271186 0.029661016949152543 0.029661016949152543 0.0211864406779661 0.046610169491525424 0.07203389830508475 0.0211864406779661 0.21610169491525424 0.046610169491525424 0.038135593220338986 0.07203389830508475 0.1228813559322034 0.029661016949152543 0.038135593220338986 0.046610169491525424 0.0211864406779661 0.0211864406779661 0.0211864406779661 0.0211864406779661 
0.028925619834710745 0.128099173553719 0.02066115702479339 0.028925619834710745 0.028925619834710745 0.02066115702479339 0.08677685950413223 0.02066115702479339 0.28512396694214875 0.045454545454545456 0.02066115702479339 0.028925619834710745 0.045454545454545456 0.028925619834710745 0.028925619834710745 0.05371900826446281 0.02066115702479339 0.02066115702479339 0.02066115702479339 0.0371900826446281 
0.03431372549019608 0.07352941176470588 0.03431372549019608 0.05392156862745098 0.03431372549019608 0.03431372549019608 0.03431372549019608 0.024509803921568627 0.25980392156862747 0.024509803921568627 0.024509803921568627 0.024509803921568627 0.03431372549019608 0.04411764705882353 0.06372549019607843 0.05392156862745098 0.03431372549019608 0.03431372549019608 0.03431372549019608 0.04411764705882353 
0.018518518518518517 0.09259259259259259 0.04814814814814815 0.025925925925925925 0.04814814814814815 0.03333333333333333 0.040740740740740744 0.025925925925925925 0.16666666666666666 0.1 0.025925925925925925 0.025925925925925925 0.05555555555555555 0.040740740740740744 0.05555555555555555 0.03333333333333333 0.040740740740740744 0.025925925925925925 0.05555555555555555 0.040740740740740744 
0.030973451327433628 0.06637168141592921 0.03982300884955752 0.030973451327433628 0.03982300884955752 0.03982300884955752 0.048672566371681415 0.030973451327433628 0.24336283185840707 0.06637168141592921 0.03982300884955752 0.030973451327433628 0.022123893805309734 0.030973451327433628 0.06637168141592921 0.030973451327433628 0.030973451327433628 0.022123893805309734 0.03982300884955752 0.048672566371681415 
0.026041666666666668 0.08854166666666667 0.046875 0.046875 0.057291666666666664 0.026041666666666668 0.026041666666666668 0.026041666666666668 0.203125 0.026041666666666668 0.026041666666666668 0.08854166666666667 0.057291666666666664 0.036458333333333336 0.036458333333333336 0.057291666666666664 0.026041666666666668 0.026041666666666668 0.036458333333333336 0.036458333333333336 
0.03982300884955752 0.10176991150442478 0.030973451327433628 0.022123893805309734 0.10176991150442478 0.048672566371681415 0.048672566371681415 0.022123893805309734 0.11061946902654868 0.048672566371681415 0.030973451327433628 0.022123893805309734 0.03982300884955752 0.022123893805309734 0.0752212389380531 0.05752212389380531 0.022123893805309734 0.030973451327433628 0.022123893805309734 0.10176991150442478 
0.03125 0.022321428571428572 0.03125 0.05803571428571429 0.022321428571428572 0.049107142857142856 0.07589285714285714 0.022321428571428572 0.36160714285714285 0.04017857142857143 0.03125 0.022321428571428572 0.022321428571428572 0.049107142857142856 0.022321428571428572 0.03125 0.022321428571428572 0.022321428571428572 0.04017857142857143 0.022321428571428572 
0.02631578947368421 0.041353383458646614 0.018796992481203006 0.04887218045112782 0.018796992481203006 0.07142857142857142 0.02631578947368421 0.018796992481203006 0.4323308270676692 0.018796992481203006 0.018796992481203006 0.018796992481203006 0.04887218045112782 0.02631578947368421 0.041353383458646614 0.02631578947368421 0.018796992481203006 0.03383458646616541 0.018796992481203006 0.02631578947368421 
0.021367521367521368 0.029914529914529916 0.021367521367521368 0.11538461538461539 0.021367521367521368 0.038461538461538464 0.029914529914529916 0.021367521367521368 0.2606837606837607 0.029914529914529916 0.038461538461538464 0.11538461538461539 0.021367521367521368 0.05555555555555555 0.029914529914529916 0.04700854700854701 0.029914529914529916 0.021367521367521368 0.029914529914529916 0.021367521367521368 
0.022123893805309734 0.030973451327433628 0.022123893805309734 0.022123893805309734 0.030973451327433628 0.03982300884955752 0.0752212389380531 0.030973451327433628 0.3938053097345133 0.05752212389380531 0.022123893805309734 0.022123893805309734 0.03982300884955752 0.03982300884955752 0.030973451327433628 0.022123893805309734 0.022123893805309734 0.022123893805309734 0.030973451327433628 0.022123893805309734 
0.052941176470588235 0.052941176470588235 0.029411764705882353 0.052941176470588235 0.029411764705882353 0.07647058823529412 0.052941176470588235 0.029411764705882353 0.2411764705882353 0.029411764705882353 0.029411764705882353 0.041176470588235294 0.029411764705882353 0.041176470588235294 0.029411764705882353 0.041176470588235294 0.041176470588235294 0.041176470588235294 0.029411764705882353 0.029411764705882353 
0.023809523809523808 0.06190476190476191 0.023809523809523808 0.07142857142857142 0.023809523809523808 0.1 0.03333333333333333 0.023809523809523808 0.18571428571428572 0.04285714285714286 0.023809523809523808 0.023809523809523808 0.05238095238095238 0.07142857142857142 0.04285714285714286 0.04285714285714286 0.03333333333333333 0.023809523809523808 0.05238095238095238 0.04285714285714286 
0.03211009174311927 0.022935779816513763 0.03211009174311927 0.03211009174311927 0.03211009174311927 0.05045871559633028 0.04128440366972477 0.022935779816513763 0.17889908256880735 0.022935779816513763 0.04128440366972477 0.06880733944954129 0.03211009174311927 0.03211009174311927 0.022935779816513763 0.17889908256880735 0.05963302752293578 0.022935779816513763 0.022935779816513763 0.05045871559633028 
0.04430379746835443 0.04430379746835443 0.04430379746835443 0.04430379746835443 0.056962025316455694 0.08227848101265822 0.04430379746835443 0.04430379746835443 0.12025316455696203 0.03164556962025317 0.03164556962025317 0.03164556962025317 0.04430379746835443 0.03164556962025317 0.0949367088607595 0.04430379746835443 0.03164556962025317 0.056962025316455694 0.04430379746835443 0.03164556962025317 
0.035 0.055 0.045 0.035 0.075 0.055 0.045 0.035 0.195 0.025 0.065 0.025 0.035 0.025 0.025 0.065 0.045 0.025 0.035 0.055 
0.022123893805309734 0.05752212389380531 0.022123893805309734 0.030973451327433628 0.030973451327433628 0.030973451327433628 0.11061946902654868 0.022123893805309734 0.29646017699115046 0.030973451327433628 0.022123893805309734 0.030973451327433628 0.06637168141592921 0.048672566371681415 0.030973451327433628 0.022123893805309734 0.022123893805309734 0.030973451327433628 0.030973451327433628 0.03982300884955752 
0.03125 0.03125 0.022321428571428572 0.022321428571428572 0.022321428571428572 0.049107142857142856 0.11160714285714286 0.022321428571428572 0.36160714285714285 0.049107142857142856 0.03125 0.022321428571428572 0.04017857142857143 0.022321428571428572 0.022321428571428572 0.022321428571428572 0.022321428571428572 0.022321428571428572 0.022321428571428572 0.049107142857142856 
0.03017241379310345 0.03017241379310345 0.021551724137931036 0.021551724137931036 0.021551724137931036 0.03017241379310345 0.10775862068965517 0.021551724137931036 0.3146551724137931 0.03017241379310345 0.021551724137931036 0.03017241379310345 0.07327586206896551 0.04741379310344827 0.021551724137931036 0.021551724137931036 0.04741379310344827 0.021551724137931036 0.06465517241379311 0.021551724137931036 
0.027777777777777776 0.027777777777777776 0.027777777777777776 0.03888888888888889 0.027777777777777776 0.06111111111111111 0.07222222222222222 0.027777777777777776 0.25 0.03888888888888889 0.027777777777777776 0.08333333333333333 0.05 0.027777777777777776 0.03888888888888889 0.03888888888888889 0.027777777777777776 0.027777777777777776 0.027777777777777776 0.05 
0.04838709677419355 0.04838709677419355 0.026881720430107527 0.026881720430107527 0.026881720430107527 0.03763440860215054 0.0913978494623656 0.05913978494623656 0.23118279569892472 0.03763440860215054 0.03763440860215054 0.026881720430107527 0.05913978494623656 0.03763440860215054 0.03763440860215054 0.03763440860215054 0.026881720430107527 0.026881720430107527 0.03763440860215054 0.03763440860215054 
0.05612244897959184 0.03571428571428571 0.03571428571428571 0.03571428571428571 0.03571428571428571 0.04591836734693878 0.08673469387755102 0.03571428571428571 0.22959183673469388 0.03571428571428571 0.025510204081632654 0.03571428571428571 0.05612244897959184 0.025510204081632654 0.03571428571428571 0.025510204081632654 0.025510204081632654 0.03571428571428571 0.0663265306122449 0.03571428571428571 
0.024271844660194174 0.024271844660194174 0.03398058252427184 0.024271844660194174 0.03398058252427184 0.03398058252427184 0.22815533980582525 0.024271844660194174 0.21844660194174756 0.043689320388349516 0.024271844660194174 0.03398058252427184 0.043689320388349516 0.03398058252427184 0.024271844660194174 0.024271844660194174 0.03398058252427184 0.03398058252427184 0.03398058252427184 0.024271844660194174 
0.021929824561403508 0.039473684210526314 0.021929824561403508 0.03070175438596491 0.021929824561403508 0.021929824561403508 0.3201754385964912 0.021929824561403508 0.04824561403508772 0.039473684210526314 0.04824561403508772 0.021929824561403508 0.07456140350877193 0.021929824561403508 0.039473684210526314 0.021929824561403508 0.03070175438596491 0.06578947368421052 0.06578947368421052 0.021929824561403508 
0.034722222222222224 0.034722222222222224 0.034722222222222224 0.034722222222222224 0.034722222222222224 0.034722222222222224 0.24305555555555555 0.034722222222222224 0.04861111111111111 0.04861111111111111 0.034722222222222224 0.034722222222222224 0.0763888888888889 0.034722222222222224 0.034722222222222224 0.034722222222222224 0.034722222222222224 0.0625 0.034722222222222224 0.034722222222222224 
0.03271028037383177 0.03271028037383177 0.02336448598130841 0.02336448598130841 0.03271028037383177 0.02336448598130841 0.08878504672897196 0.03271028037383177 0.2850467289719626 0.06074766355140187 0.03271028037383177 0.08878504672897196 0.0514018691588785 0.04205607476635514 0.02336448598130841 0.02336448598130841 0.02336448598130841 0.02336448598130841 0.03271028037383177 0.02336448598130841 
0.0625 0.02403846153846154 0.02403846153846154 0.02403846153846154 0.02403846153846154 0.02403846153846154 0.02403846153846154 0.03365384615384615 0.052884615384615384 0.11057692307692307 0.02403846153846154 0.09134615384615384 0.04326923076923077 0.22596153846153846 0.0625 0.02403846153846154 0.02403846153846154 0.02403846153846154 0.04326923076923077 0.03365384615384615 
0.024509803921568627 0.03431372549019608 0.024509803921568627 0.024509803921568627 0.04411764705882353 0.03431372549019608 0.06372549019607843 0.03431372549019608 0.10294117647058823 0.03431372549019608 0.024509803921568627 0.23039215686274508 0.05392156862745098 0.03431372549019608 0.04411764705882353 0.06372549019607843 0.024509803921568627 0.024509803921568627 0.05392156862745098 0.024509803921568627 
0.045454545454545456 0.032467532467532464 0.032467532467532464 0.032467532467532464 0.05844155844155844 0.045454545454545456 0.09740259740259741 0.032467532467532464 0.032467532467532464 0.09740259740259741 0.032467532467532464 0.045454545454545456 0.05844155844155844 0.032467532467532464 0.032467532467532464 0.045454545454545456 0.032467532467532464 0.045454545454545456 0.11038961038961038 0.05844155844155844 
0.03289473684210526 0.05921052631578947 0.03289473684210526 0.03289473684210526 0.046052631578947366 0.05921052631578947 0.17763157894736842 0.03289473684210526 0.046052631578947366 0.07236842105263158 0.03289473684210526 0.03289473684210526 0.046052631578947366 0.046052631578947366 0.046052631578947366 0.03289473684210526 0.03289473684210526 0.03289473684210526 0.07236842105263158 0.03289473684210526 
0.03676470588235294 0.03676470588235294 0.0661764705882353 0.03676470588235294 0.051470588235294115 0.03676470588235294 0.18382352941176472 0.03676470588235294 0.03676470588235294 0.0661764705882353 0.0661764705882353 0.03676470588235294 0.03676470588235294 0.051470588235294115 0.03676470588235294 0.03676470588235294 0.03676470588235294 0.03676470588235294 0.03676470588235294 0.03676470588235294 
0.03289473684210526 0.03289473684210526 0.03289473684210526 0.03289473684210526 0.03289473684210526 0.046052631578947366 0.19078947368421054 0.03289473684210526 0.046052631578947366 0.07236842105263158 0.03289473684210526 0.046052631578947366 0.046052631578947366 0.03289473684210526 0.03289473684210526 0.03289473684210526 0.03289473684210526 0.046052631578947366 0.05921052631578947 0.08552631578947369 
0.05851063829787234 0.05851063829787234 0.03723404255319149 0.026595744680851064 0.047872340425531915 0.026595744680851064 0.25 0.026595744680851064 0.026595744680851064 0.0797872340425532 0.026595744680851064 0.026595744680851064 0.026595744680851064 0.06914893617021277 0.026595744680851064 0.026595744680851064 0.03723404255319149 0.026595744680851064 0.03723404255319149 0.05851063829787234 
0.034653465346534656 0.024752475247524754 0.024752475247524754 0.034653465346534656 0.024752475247524754 0.06435643564356436 0.3613861386138614 0.024752475247524754 0.034653465346534656 0.04455445544554455 0.024752475247524754 0.024752475247524754 0.024752475247524754 0.034653465346534656 0.024752475247524754 0.034653465346534656 0.04455445544554455 0.024752475247524754 0.054455445544554455 0.034653465346534656 
0.024509803921568627 0.03431372549019608 0.024509803921568627 0.05392156862745098 0.024509803921568627 0.06372549019607843 0.3088235294117647 0.024509803921568627 0.024509803921568627 0.03431372549019608 0.024509803921568627 0.024509803921568627 0.05392156862745098 0.04411764705882353 0.04411764705882353 0.024509803921568627 0.024509803921568627 0.04411764705882353 0.05392156862745098 0.04411764705882353 
0.023148148148148147 0.06944444444444445 0.023148148148148147 0.032407407407407406 0.023148148148148147 0.05092592592592592 0.4305555555555556 0.032407407407407406 0.023148148148148147 0.023148148148148147 0.023148148148148147 0.023148148148148147 0.023148148148148147 0.032407407407407406 0.023148148148148147 0.032407407407407406 0.023148148148148147 0.032407407407407406 0.023148148148148147 0.032407407407407406 
0.024509803921568627 0.03431372549019608 0.03431372549019608 0.05392156862745098 0.06372549019607843 0.03431372549019608 0.19117647058823528 0.03431372549019608 0.03431372549019608 0.11274509803921569 0.04411764705882353 0.024509803921568627 0.03431372549019608 0.03431372549019608 0.03431372549019608 0.024509803921568627 0.03431372549019608 0.03431372549019608 0.024509803921568627 0.09313725490196079 
0.030120481927710843 0.030120481927710843 0.030120481927710843 0.030120481927710843 0.030120481927710843 0.04216867469879518 0.1746987951807229 0.030120481927710843 0.05421686746987952 0.04216867469879518 0.030120481927710843 0.030120481927710843 0.15060240963855423 0.06626506024096386 0.05421686746987952 0.030120481927710843 0.04216867469879518 0.04216867469879518 0.030120481927710843 0.030120481927710843 
0.022727272727272728 0.04090909090909091 0.031818181818181815 0.031818181818181815 0.04090909090909091 0.022727272727272728 0.17727272727272728 0.022727272727272728 0.05909090909090909 0.031818181818181815 0.022727272727272728 0.022727272727272728 0.15 0.09545454545454546 0.031818181818181815 0.022727272727272728 0.022727272727272728 0.05 0.06818181818181818 0.031818181818181815 
0.032407407407407406 0.023148148148148147 0.032407407407407406 0.032407407407407406 0.032407407407407406 0.023148148148148147 0.19907407407407407 0.023148148148148147 0.032407407407407406 0.041666666666666664 0.041666666666666664 0.023148148148148147 0.16203703703703703 0.08796296296296297 0.041666666666666664 0.023148148148148147 0.023148148148148147 0.023148148148148147 0.023148148148148147 0.0787037037037037 
0.033783783783783786 0.0472972972972973 0.033783783783783786 0.033783783783783786 0.033783783783783786 0.033783783783783786 0.16891891891891891 0.033783783783783786 0.033783783783783786 0.060810810810810814 0.07432432432432433 0.0472972972972973 0.060810810810810814 0.060810810810810814 0.0472972972972973 0.033783783783783786 0.033783783783783786 0.033783783783783786 0.033783783783783786 0.060810810810810814 
0.022123893805309734 0.0752212389380531 0.06637168141592921 0.022123893805309734 0.030973451327433628 0.03982300884955752 0.0752212389380531 0.022123893805309734 0.048672566371681415 0.05752212389380531 0.09292035398230089 0.05752212389380531 0.03982300884955752 0.05752212389380531 0.05752212389380531 0.030973451327433628 0.05752212389380531 0.048672566371681415 0.022123893805309734 0.0752212389380531 
0.024752475247524754 0.024752475247524754 0.034653465346534656 0.024752475247524754 0.28217821782178215 0.024752475247524754 0.06435643564356436 0.024752475247524754 0.034653465346534656 0.024752475247524754 0.04455445544554455 0.024752475247524754 0.034653465346534656 0.09405940594059406 0.024752475247524754 0.024752475247524754 0.024752475247524754 0.034653465346534656 0.034653465346534656 0.09405940594059406 
0.052941176470588235 0.06470588235294118 0.029411764705882353 0.06470588235294118 0.029411764705882353 0.029411764705882353 0.21764705882352942 0.041176470588235294 0.041176470588235294 0.07647058823529412 0.029411764705882353 0.041176470588235294 0.052941176470588235 0.041176470588235294 0.041176470588235294 0.029411764705882353 0.029411764705882353 0.029411764705882353 0.029411764705882353 0.029411764705882353 
0.019230769230769232 0.07307692307692308 0.026923076923076925 0.04230769230769231 0.057692307692307696 0.026923076923076925 0.3423076923076923 0.03461538461538462 0.03461538461538462 0.07307692307692308 0.019230769230769232 0.03461538461538462 0.019230769230769232 0.03461538461538462 0.03461538461538462 0.019230769230769232 0.019230769230769232 0.026923076923076925 0.03461538461538462 0.026923076923076925 
0.021367521367521368 0.10683760683760683 0.029914529914529916 0.0811965811965812 0.04700854700854701 0.021367521367521368 0.2948717948717949 0.021367521367521368 0.029914529914529916 0.04700854700854701 0.021367521367521368 0.038461538461538464 0.029914529914529916 0.038461538461538464 0.021367521367521368 0.029914529914529916 0.021367521367521368 0.038461538461538464 0.021367521367521368 0.038461538461538464 
0.03125 0.04375 0.04375 0.03125 0.03125 0.03125 0.08125 0.04375 0.06875 0.03125 0.03125 0.03125 0.03125 0.04375 0.26875 0.03125 0.03125 0.03125 0.03125 0.03125 
0.024509803921568627 0.09313725490196079 0.04411764705882353 0.03431372549019608 0.03431372549019608 0.07352941176470588 0.08333333333333333 0.024509803921568627 0.05392156862745098 0.05392156862745098 0.04411764705882353 0.024509803921568627 0.04411764705882353 0.03431372549019608 0.20098039215686275 0.03431372549019608 0.024509803921568627 0.024509803921568627 0.024509803921568627 0.024509803921568627 
0.01968503937007874 0.027559055118110236 0.027559055118110236 0.01968503937007874 0.01968503937007874 0.04330708661417323 0.2637795275590551 0.01968503937007874 0.03543307086614173 0.03543307086614173 0.03543307086614173 0.01968503937007874 0.03543307086614173 0.03543307086614173 0.24803149606299213 0.01968503937007874 0.01968503937007874 0.01968503937007874 0.027559055118110236 0.027559055118110236 
0.02631578947368421 0.02631578947368421 0.05789473684210526 0.02631578947368421 0.03684210526315789 0.06842105263157895 0.03684210526315789 0.02631578947368421 0.03684210526315789 0.03684210526315789 0.04736842105263158 0.03684210526315789 0.04736842105263158 0.03684210526315789 0.2789473684210526 0.03684210526315789 0.05789473684210526 0.02631578947368421 0.02631578947368421 0.02631578947368421 
0.02252252252252252 0.04954954954954955 0.03153153153153153 0.03153153153153153 0.03153153153153153 0.05855855855855856 0.05855855855855856 0.02252252252252252 0.04954954954954955 0.04054054054054054 0.04954954954954955 0.03153153153153153 0.04054054054054054 0.04054054054054054 0.2927927927927928 0.02252252252252252 0.02252252252252252 0.04054054054054054 0.03153153153153153 0.03153153153153153 
0.029411764705882353 0.029411764705882353 0.041176470588235294 0.041176470588235294 0.029411764705882353 0.029411764705882353 0.052941176470588235 0.029411764705882353 0.1588235294117647 0.029411764705882353 0.041176470588235294 0.029411764705882353 0.029411764705882353 0.041176470588235294 0.21764705882352942 0.041176470588235294 0.029411764705882353 0.041176470588235294 0.029411764705882353 0.029411764705882353 
0.028925619834710745 0.045454545454545456 0.045454545454545456 0.06198347107438017 0.0371900826446281 0.028925619834710745 0.15289256198347106 0.02066115702479339 0.0371900826446281 0.045454545454545456 0.02066115702479339 0.02066115702479339 0.0371900826446281 0.07024793388429752 0.21074380165289255 0.02066115702479339 0.028925619834710745 0.028925619834710745 0.0371900826446281 0.02066115702479339 
0.02336448598130841 0.03271028037383177 0.03271028037383177 0.03271028037383177 0.02336448598130841 0.04205607476635514 0.1261682242990654 0.02336448598130841 0.02336448598130841 0.04205607476635514 0.02336448598130841 0.0794392523364486 0.0514018691588785 0.0514018691588785 0.0514018691588785 0.04205607476635514 0.03271028037383177 0.20093457943925233 0.04205607476635514 0.02336448598130841 
0.029069767441860465 0.06395348837209303 0.029069767441860465 0.029069767441860465 0.029069767441860465 0.05232558139534884 0.06395348837209303 0.029069767441860465 0.029069767441860465 0.029069767441860465 0.05232558139534884 0.0755813953488372 0.040697674418604654 0.05232558139534884 0.040697674418604654 0.040697674418604654 0.029069767441860465 0.18023255813953487 0.040697674418604654 0.06395348837209303 
0.029166666666666667 0.07916666666666666 0.020833333333333332 0.0625 0.05416666666666667 0.029166666666666667 0.09583333333333334 0.020833333333333332 0.04583333333333333 0.05416666666666667 0.020833333333333332 0.04583333333333333 0.029166666666666667 0.07916666666666666 0.04583333333333333 0.029166666666666667 0.020833333333333332 0.1375 0.029166666666666667 0.07083333333333333 
0.027472527472527472 0.027472527472527472 0.027472527472527472 0.027472527472527472 0.027472527472527472 0.027472527472527472 0.19230769230769232 0.027472527472527472 0.038461538461538464 0.08241758241758242 0.027472527472527472 0.027472527472527472 0.11538461538461539 0.07142857142857142 0.038461538461538464 0.06043956043956044 0.038461538461538464 0.06043956043956044 0.027472527472527472 0.027472527472527472 
0.030120481927710843 0.04216867469879518 0.04216867469879518 0.030120481927710843 0.04216867469879518 0.05421686746987952 0.2710843373493976 0.030120481927710843 0.030120481927710843 0.04216867469879518 0.030120481927710843 0.04216867469879518 0.06626506024096386 0.030120481927710843 0.030120481927710843 0.030120481927710843 0.030120481927710843 0.04216867469879518 0.030120481927710843 0.05421686746987952 
0.02 0.068 0.02 0.02 0.036 0.02 0.308 0.028 0.02 0.068 0.036 0.02 0.084 0.06 0.028 0.02 0.028 0.052 0.044 0.02 
0.023809523809523808 0.05238095238095238 0.03333333333333333 0.04285714285714286 0.04285714285714286 0.023809523809523808 0.18571428571428572 0.023809523809523808 0.04285714285714286 0.08095238095238096 0.03333333333333333 0.023809523809523808 0.09047619047619047 0.04285714285714286 0.07142857142857142 0.06190476190476191 0.023809523809523808 0.03333333333333333 0.023809523809523808 0.04285714285714286 
0.028089887640449437 0.10674157303370786 0.028089887640449437 0.05056179775280899 0.05056179775280899 0.028089887640449437 0.19662921348314608 0.028089887640449437 0.03932584269662921 0.06179775280898876 0.028089887640449437 0.028089887640449437 0.03932584269662921 0.028089887640449437 0.028089887640449437 0.028089887640449437 0.028089887640449437 0.028089887640449437 0.07303370786516854 0.07303370786516854 
0.028735632183908046 0.09770114942528736 0.028735632183908046 0.05172413793103448 0.028735632183908046 0.05172413793103448 0.10919540229885058 0.028735632183908046 0.06321839080459771 0.040229885057471264 0.040229885057471264 0.028735632183908046 0.14367816091954022 0.028735632183908046 0.028735632183908046 0.028735632183908046 0.028735632183908046 0.028735632183908046 0.05172413793103448 0.06321839080459771 
0.022935779816513763 0.04128440366972477 0.022935779816513763 0.03211009174311927 0.04128440366972477 0.04128440366972477 0.3073394495412844 0.03211009174311927 0.022935779816513763 0.03211009174311927 0.03211009174311927 0.03211009174311927 0.0779816513761468 0.04128440366972477 0.04128440366972477 0.022935779816513763 0.022935779816513763 0.022935779816513763 0.05963302752293578 0.05045871559633028 
0.04375 0.05625 0.05625 0.03125 0.05625 0.03125 0.23125 0.03125 0.05625 0.03125 0.03125 0.03125 0.06875 0.03125 0.04375 0.03125 0.03125 0.03125 0.04375 0.03125 
0.023148148148148147 0.13425925925925927 0.032407407407407406 0.023148148148148147 0.023148148148148147 0.05092592592592592 0.24537037037037038 0.032407407407407406 0.05092592592592592 0.06018518518518518 0.032407407407407406 0.023148148148148147 0.05092592592592592 0.032407407407407406 0.041666666666666664 0.032407407407407406 0.032407407407407406 0.023148148148148147 0.032407407407407406 0.023148148148148147 
0.02631578947368421 0.05789473684210526 0.03684210526315789 0.06842105263157895 0.02631578947368421 0.08947368421052632 0.2789473684210526 0.02631578947368421 0.02631578947368421 0.03684210526315789 0.04736842105263158 0.02631578947368421 0.04736842105263158 0.02631578947368421 0.02631578947368421 0.02631578947368421 0.03684210526315789 0.02631578947368421 0.03684210526315789 0.02631578947368421 
0.020161290322580645 0.09274193548387097 0.04435483870967742 0.028225806451612902 0.06854838709677419 0.06854838709677419 0.2701612903225806 0.020161290322580645 0.028225806451612902 0.020161290322580645 0.020161290322580645 0.05241935483870968 0.036290322580645164 0.028225806451612902 0.05241935483870968 0.036290322580645164 0.020161290322580645 0.020161290322580645 0.04435483870967742 0.028225806451612902 
0.032407407407407406 0.032407407407407406 0.032407407407407406 0.032407407407407406 0.0787037037037037 0.05092592592592592 0.18981481481481483 0.023148148148148147 0.041666666666666664 0.08796296296296297 0.032407407407407406 0.023148148148148147 0.041666666666666664 0.041666666666666664 0.0787037037037037 0.023148148148148147 0.041666666666666664 0.032407407407407406 0.032407407407407406 0.05092592592592592 
0.028735632183908046 0.028735632183908046 0.040229885057471264 0.028735632183908046 0.05172413793103448 0.040229885057471264 0.25862068965517243 0.028735632183908046 0.028735632183908046 0.028735632183908046 0.040229885057471264 0.028735632183908046 0.040229885057471264 0.028735632183908046 0.028735632183908046 0.028735632183908046 0.040229885057471264 0.028735632183908046 0.1206896551724138 0.05172413793103448 
0.025252525252525252 0.06565656565656566 0.025252525252525252 0.045454545454545456 0.025252525252525252 0.025252525252525252 0.30808080808080807 0.025252525252525252 0.025252525252525252 0.03535353535353535 0.09595959595959595 0.025252525252525252 0.025252525252525252 0.05555555555555555 0.025252525252525252 0.045454545454545456 0.025252525252525252 0.025252525252525252 0.03535353535353535 0.03535353535353535 
0.047872340425531915 0.05851063829787234 0.05851063829787234 0.03723404255319149 0.047872340425531915 0.026595744680851064 0.16489361702127658 0.03723404255319149 0.026595744680851064 0.0797872340425532 0.026595744680851064 0.026595744680851064 0.03723404255319149 0.03723404255319149 0.0797872340425532 0.03723404255319149 0.03723404255319149 0.05851063829787234 0.03723404255319149 0.03723404255319149 
0.05844155844155844 0.032467532467532464 0.032467532467532464 0.045454545454545456 0.045454545454545456 0.045454545454545456 0.09740259740259741 0.032467532467532464 0.032467532467532464 0.032467532467532464 0.032467532467532464 0.032467532467532464 0.16233766233766234 0.07142857142857142 0.05844155844155844 0.032467532467532464 0.032467532467532464 0.032467532467532464 0.045454545454545456 0.045454545454545456 
0.028089887640449437 0.028089887640449437 0.028089887640449437 0.03932584269662921 0.06179775280898876 0.03932584269662921 0.07303370786516854 0.028089887640449437 0.03932584269662921 0.03932584269662921 0.028089887640449437 0.028089887640449437 0.1853932584269663 0.06179775280898876 0.05056179775280899 0.03932584269662921 0.03932584269662921 0.03932584269662921 0.06179775280898876 0.06179775280898876 
0.01953125 0.05078125 0.02734375 0.01953125 0.06640625 0.03515625 0.08203125 0.02734375 0.05859375 0.03515625 0.02734375 0.02734375 0.20703125 0.02734375 0.04296875 0.02734375 0.02734375 0.07421875 0.03515625 0.08203125 
0.026041666666666668 0.036458333333333336 0.026041666666666668 0.026041666666666668 0.036458333333333336 0.078125 0.16145833333333334 0.026041666666666668 0.057291666666666664 0.08854166666666667 0.13020833333333334 0.026041666666666668 0.036458333333333336 0.036458333333333336 0.026041666666666668 0.026041666666666668 0.026041666666666668 0.026041666666666668 0.046875 0.057291666666666664 
0.02976190476190476 0.041666666666666664 0.02976190476190476 0.05357142857142857 0.05357142857142857 0.02976190476190476 0.125 0.02976190476190476 0.05357142857142857 0.125 0.02976190476190476 0.041666666666666664 0.06547619047619048 0.07738095238095238 0.02976190476190476 0.041666666666666664 0.02976190476190476 0.02976190476190476 0.05357142857142857 0.02976190476190476 
0.028089887640449437 0.05056179775280899 0.03932584269662921 0.03932584269662921 0.05056179775280899 0.06179775280898876 0.11797752808988764 0.05056179775280899 0.06179775280898876 0.12921348314606743 0.028089887640449437 0.028089887640449437 0.028089887640449437 0.06179775280898876 0.028089887640449437 0.028089887640449437 0.028089887640449437 0.028089887640449437 0.03932584269662921 0.07303370786516854 
0.030864197530864196 0.05555555555555555 0.030864197530864196 0.030864197530864196 0.030864197530864196 0.030864197530864196 0.2654320987654321 0.030864197530864196 0.030864197530864196 0.043209876543209874 0.030864197530864196 0.030864197530864196 0.043209876543209874 0.06790123456790123 0.030864197530864196 0.030864197530864196 0.043209876543209874 0.030864197530864196 0.030864197530864196 0.08024691358024691 
0.042682926829268296 0.03048780487804878 0.042682926829268296 0.03048780487804878 0.03048780487804878 0.03048780487804878 0.3475609756097561 0.03048780487804878 0.03048780487804878 0.042682926829268296 0.042682926829268296 0.03048780487804878 0.03048780487804878 0.042682926829268296 0.03048780487804878 0.03048780487804878 0.03048780487804878 0.03048780487804878 0.042682926829268296 0.03048780487804878 
0.027777777777777776 0.07222222222222222 0.027777777777777776 0.027777777777777776 0.027777777777777776 0.03888888888888889 0.2833333333333333 0.027777777777777776 0.03888888888888889 0.027777777777777776 0.027777777777777776 0.05 0.08333333333333333 0.027777777777777776 0.027777777777777776 0.027777777777777776 0.027777777777777776 0.027777777777777776 0.07222222222222222 0.027777777777777776 
0.02032520325203252 0.06097560975609756 0.02032520325203252 0.036585365853658534 0.02032520325203252 0.036585365853658534 0.44308943089430897 0.02032520325203252 0.036585365853658534 0.02032520325203252 0.02032520325203252 0.036585365853658534 0.028455284552845527 0.028455284552845527 0.036585365853658534 0.02032520325203252 0.02032520325203252 0.02032520325203252 0.036585365853658534 0.036585365853658534 
0.034653465346534656 0.034653465346534656 0.024752475247524754 0.04455445544554455 0.08415841584158416 0.06435643564356436 0.30198019801980197 0.024752475247524754 0.04455445544554455 0.04455445544554455 0.024752475247524754 0.024752475247524754 0.024752475247524754 0.04455445544554455 0.04455445544554455 0.034653465346534656 0.024752475247524754 0.024752475247524754 0.024752475247524754 0.024752475247524754 
0.04326923076923077 0.08173076923076923 0.02403846153846154 0.04326923076923077 0.0625 0.02403846153846154 0.32211538461538464 0.052884615384615384 0.03365384615384615 0.04326923076923077 0.02403846153846154 0.03365384615384615 0.02403846153846154 0.03365384615384615 0.02403846153846154 0.02403846153846154 0.02403846153846154 0.02403846153846154 0.02403846153846154 0.03365384615384615 
0.027777777777777776 0.05 0.027777777777777776 0.027777777777777776 0.06111111111111111 0.03888888888888889 0.2722222222222222 0.03888888888888889 0.05 0.06111111111111111 0.03888888888888889 0.027777777777777776 0.027777777777777776 0.05 0.03888888888888889 0.027777777777777776 0.027777777777777776 0.03888888888888889 0.03888888888888889 0.027777777777777776 
0.0330188679245283 0.06132075471698113 0.02358490566037736 0.02358490566037736 0.05188679245283019 0.05188679245283019 0.23113207547169812 0.02358490566037736 0.02358490566037736 0.05188679245283019 0.0330188679245283 0.06132075471698113 0.04245283018867924 0.04245283018867924 0.0330188679245283 0.04245283018867924 0.02358490566037736 0.0330188679245283 0.06132075471698113 0.05188679245283019 
