0.026923076923076925 0.05 0.026923076923076925 0.06538461538461539 0.026923076923076925 0.026923076923076925 0.08846153846153847 0.04230769230769231 0.03461538461538462 0.05 0.16538461538461538 0.06538461538461539 0.06538461538461539 0.026923076923076925 0.026923076923076925 0.07307692307692308 0.026923076923076925 0.026923076923076925 0.057692307692307696 0.026923076923076925 
0.046218487394957986 0.07142857142857142 0.037815126050420166 0.037815126050420166 0.02100840336134454 0.037815126050420166 0.046218487394957986 0.037815126050420166 0.029411764705882353 0.08823529411764706 0.07983193277310924 0.02100840336134454 0.1134453781512605 0.02100840336134454 0.08823529411764706 0.0546218487394958 0.037815126050420166 0.0546218487394958 0.037815126050420166 0.037815126050420166 
0.022935779816513763 0.06880733944954129 0.05963302752293578 0.05045871559633028 0.04128440366972477 0.03211009174311927 0.03211009174311927 0.05045871559633028 0.03211009174311927 0.05045871559633028 0.14220183486238533 0.0779816513761468 0.0779816513761468 0.04128440366972477 0.022935779816513763 0.04128440366972477 0.05045871559633028 0.022935779816513763 0.05045871559633028 0.03211009174311927 
0.04326923076923077 0.052884615384615384 0.07211538461538461 0.04326923076923077 0.02403846153846154 0.02403846153846154 0.07211538461538461 0.02403846153846154 0.03365384615384615 0.052884615384615384 0.13942307692307693 0.04326923076923077 0.09134615384615384 0.04326923076923077 0.02403846153846154 0.03365384615384615 0.052884615384615384 0.02403846153846154 0.0625 0.04326923076923077 
0.05092592592592592 0.041666666666666664 0.023148148148148147 0.0787037037037037 0.041666666666666664 0.0787037037037037 0.032407407407407406 0.032407407407407406 0.041666666666666664 0.041666666666666664 0.06018518518518518 0.05092592592592592 0.032407407407407406 0.09722222222222222 0.032407407407407406 0.11574074074074074 0.05092592592592592 0.05092592592592592 0.023148148148148147 0.023148148148148147 
0.08762886597938144 0.03608247422680412 0.06701030927835051 0.06701030927835051 0.03608247422680412 0.02577319587628866 0.03608247422680412 0.05670103092783505 0.04639175257731959 0.04639175257731959 0.02577319587628866 0.03608247422680412 0.08762886597938144 0.05670103092783505 0.03608247422680412 0.10824742268041238 0.04639175257731959 0.04639175257731959 0.02577319587628866 0.02577319587628866 
0.05392156862745098 0.024509803921568627 0.04411764705882353 0.04411764705882353 0.024509803921568627 0.04411764705882353 0.024509803921568627 0.024509803921568627 0.03431372549019608 0.03431372549019608 0.04411764705882353 0.11274509803921569 0.04411764705882353 0.06372549019607843 0.03431372549019608 0.18137254901960784 0.03431372549019608 0.024509803921568627 0.07352941176470588 0.03431372549019608 
0.04736842105263158 0.03684210526315789 0.04736842105263158 0.08947368421052632 0.06842105263157895 0.03684210526315789 0.02631578947368421 0.03684210526315789 0.02631578947368421 0.05789473684210526 0.1736842105263158 0.02631578947368421 0.08947368421052632 0.02631578947368421 0.03684210526315789 0.04736842105263158 0.02631578947368421 0.03684210526315789 0.03684210526315789 0.02631578947368421 
0.03365384615384615 0.03365384615384615 0.052884615384615384 0.0625 0.02403846153846154 0.04326923076923077 0.03365384615384615 0.02403846153846154 0.02403846153846154 0.12980769230769232 0.13942307692307693 0.02403846153846154 0.052884615384615384 0.04326923076923077 0.0625 0.0625 0.03365384615384615 0.04326923076923077 0.03365384615384615 0.04326923076923077 
0.04861111111111111 0.034722222222222224 0.034722222222222224 0.0763888888888889 0.034722222222222224 0.04861111111111111 0.04861111111111111 0.04861111111111111 0.04861111111111111 0.04861111111111111 0.14583333333333334 0.0625 0.0625 0.034722222222222224 0.034722222222222224 0.034722222222222224 0.034722222222222224 0.034722222222222224 0.04861111111111111 0.034722222222222224 
0.023809523809523808 0.05782312925170068 0.03741496598639456 0.11224489795918367 0.030612244897959183 0.023809523809523808 0.017006802721088437 0.05102040816326531 0.14625850340136054 0.09863945578231292 0.017006802721088437 0.023809523809523808 0.11224489795918367 0.03741496598639456 0.023809523809523808 0.023809523809523808 0.04421768707482993 0.05102040816326531 0.030612244897959183 0.03741496598639456 
0.051181102362204724 0.01968503937007874 0.04330708661417323 0.03543307086614173 0.04330708661417323 0.051181102362204724 0.01968503937007874 0.04330708661417323 0.07480314960629922 0.051181102362204724 0.06692913385826772 0.05905511811023622 0.07480314960629922 0.04330708661417323 0.03543307086614173 0.05905511811023622 0.05905511811023622 0.05905511811023622 0.04330708661417323 0.06692913385826772 
0.016666666666666666 0.06333333333333334 0.056666666666666664 0.03666666666666667 0.03 0.03 0.05 0.043333333333333335 0.07 0.07666666666666666 0.043333333333333335 0.07 0.09 0.07666666666666666 0.043333333333333335 0.03 0.05 0.05 0.03 0.043333333333333335 
0.02364864864864865 0.030405405405405407 0.05067567567567568 0.04391891891891892 0.02364864864864865 0.030405405405405407 0.037162162162162164 0.02364864864864865 0.11824324324324324 0.06418918918918919 0.08445945945945946 0.030405405405405407 0.14527027027027026 0.037162162162162164 0.016891891891891893 0.04391891891891892 0.09797297297297297 0.04391891891891892 0.030405405405405407 0.02364864864864865 
0.05701754385964912 0.03070175438596491 0.021929824561403508 0.04824561403508772 0.021929824561403508 0.03070175438596491 0.05701754385964912 0.039473684210526314 0.10087719298245613 0.08333333333333333 0.03070175438596491 0.039473684210526314 0.05701754385964912 0.03070175438596491 0.021929824561403508 0.04824561403508772 0.04824561403508772 0.11842105263157894 0.039473684210526314 0.07456140350877193 
0.027131782945736434 0.050387596899224806 0.050387596899224806 0.04263565891472868 0.01937984496124031 0.07364341085271318 0.04263565891472868 0.03488372093023256 0.07364341085271318 0.10465116279069768 0.027131782945736434 0.050387596899224806 0.12015503875968993 0.050387596899224806 0.027131782945736434 0.027131782945736434 0.03488372093023256 0.05813953488372093 0.03488372093023256 0.050387596899224806 
0.03684210526315789 0.04736842105263158 0.03684210526315789 0.03684210526315789 0.03684210526315789 0.06842105263157895 0.02631578947368421 0.04736842105263158 0.02631578947368421 0.03684210526315789 0.04736842105263158 0.04736842105263158 0.05789473684210526 0.04736842105263158 0.05789473684210526 0.12105263157894737 0.05789473684210526 0.07894736842105263 0.05789473684210526 0.02631578947368421 
0.02100840336134454 0.046218487394957986 0.07983193277310924 0.0546218487394958 0.0546218487394958 0.02100840336134454 0.046218487394957986 0.02100840336134454 0.037815126050420166 0.029411764705882353 0.08823529411764706 0.029411764705882353 0.02100840336134454 0.07983193277310924 0.02100840336134454 0.1638655462184874 0.06302521008403361 0.02100840336134454 0.06302521008403361 0.037815126050420166 
0.03982300884955752 0.03982300884955752 0.03982300884955752 0.03982300884955752 0.03982300884955752 0.022123893805309734 0.05752212389380531 0.030973451327433628 0.022123893805309734 0.05752212389380531 0.06637168141592921 0.084070796460177 0.03982300884955752 0.06637168141592921 0.03982300884955752 0.15486725663716813 0.05752212389380531 0.022123893805309734 0.048672566371681415 0.030973451327433628 
0.029411764705882353 0.03594771241830065 0.03594771241830065 0.09477124183006536 0.016339869281045753 0.18627450980392157 0.02287581699346405 0.02287581699346405 0.029411764705882353 0.03594771241830065 0.029411764705882353 0.03594771241830065 0.07516339869281045 0.03594771241830065 0.10130718954248366 0.06862745098039216 0.06862745098039216 0.03594771241830065 0.016339869281045753 0.02287581699346405 
0.017006802721088437 0.03741496598639456 0.017006802721088437 0.12585034013605442 0.03741496598639456 0.24149659863945577 0.030612244897959183 0.017006802721088437 0.06462585034013606 0.023809523809523808 0.030612244897959183 0.017006802721088437 0.04421768707482993 0.023809523809523808 0.04421768707482993 0.09863945578231292 0.05782312925170068 0.030612244897959183 0.023809523809523808 0.017006802721088437 
0.030726256983240222 0.05307262569832402 0.07541899441340782 0.09776536312849161 0.04189944134078212 0.19273743016759776 0.06424581005586592 0.013966480446927373 0.025139664804469275 0.025139664804469275 0.06424581005586592 0.030726256983240222 0.013966480446927373 0.05865921787709497 0.04189944134078212 0.07541899441340782 0.025139664804469275 0.025139664804469275 0.025139664804469275 0.019553072625698324 
0.03869047619047619 0.03869047619047619 0.050595238095238096 0.026785714285714284 0.020833333333333332 0.19345238095238096 0.044642857142857144 0.020833333333333332 0.020833333333333332 0.050595238095238096 0.020833333333333332 0.09821428571428571 0.026785714285714284 0.03869047619047619 0.050595238095238096 0.09226190476190477 0.03869047619047619 0.0625 0.044642857142857144 0.020833333333333332 
0.02 0.036 0.052 0.076 0.028 0.236 0.044 0.028 0.02 0.02 0.02 0.036 0.052 0.036 0.092 0.076 0.044 0.02 0.02 0.044 
0.04296875 0.02734375 0.08203125 0.06640625 0.01953125 0.22265625 0.01953125 0.01953125 0.01953125 0.02734375 0.02734375 0.02734375 0.10546875 0.02734375 0.08984375 0.06640625 0.05078125 0.01953125 0.01953125 0.01953125 
0.039473684210526314 0.021929824561403508 0.021929824561403508 0.09210526315789473 0.021929824561403508 0.03070175438596491 0.03070175438596491 0.07456140350877193 0.021929824561403508 0.021929824561403508 0.021929824561403508 0.03070175438596491 0.039473684210526314 0.11842105263157894 0.05701754385964912 0.18859649122807018 0.03070175438596491 0.04824561403508772 0.06578947368421052 0.021929824561403508 
0.018796992481203006 0.02631578947368421 0.018796992481203006 0.04887218045112782 0.06390977443609022 0.02631578947368421 0.041353383458646614 0.05639097744360902 0.018796992481203006 0.03383458646616541 0.041353383458646614 0.04887218045112782 0.06390977443609022 0.14661654135338345 0.018796992481203006 0.16165413533834586 0.04887218045112782 0.04887218045112782 0.02631578947368421 0.041353383458646614 
0.04296875 0.04296875 0.03515625 0.02734375 0.02734375 0.04296875 0.04296875 0.03515625 0.01953125 0.01953125 0.03515625 0.01953125 0.14453125 0.09765625 0.05078125 0.17578125 0.03515625 0.01953125 0.05859375 0.02734375 
0.022727272727272728 0.022727272727272728 0.022727272727272728 0.022727272727272728 0.022727272727272728 0.08636363636363636 0.04090909090909091 0.031818181818181815 0.05 0.022727272727272728 0.031818181818181815 0.022727272727272728 0.07727272727272727 0.05 0.04090909090909091 0.2681818181818182 0.04090909090909091 0.04090909090909091 0.031818181818181815 0.05 
0.02358490566037736 0.04245283018867924 0.07075471698113207 0.0330188679245283 0.02358490566037736 0.08018867924528301 0.02358490566037736 0.02358490566037736 0.02358490566037736 0.04245283018867924 0.0330188679245283 0.05188679245283019 0.08962264150943396 0.02358490566037736 0.04245283018867924 0.24056603773584906 0.04245283018867924 0.0330188679245283 0.02358490566037736 0.0330188679245283 
0.030612244897959183 0.030612244897959183 0.11224489795918367 0.030612244897959183 0.017006802721088437 0.08503401360544217 0.030612244897959183 0.023809523809523808 0.017006802721088437 0.023809523809523808 0.04421768707482993 0.1326530612244898 0.06462585034013606 0.03741496598639456 0.023809523809523808 0.18027210884353742 0.04421768707482993 0.017006802721088437 0.03741496598639456 0.017006802721088437 
0.045454545454545456 0.045454545454545456 0.03535353535353535 0.025252525252525252 0.025252525252525252 0.11616161616161616 0.025252525252525252 0.025252525252525252 0.03535353535353535 0.03535353535353535 0.03535353535353535 0.03535353535353535 0.09595959595959595 0.045454545454545456 0.045454545454545456 0.22727272727272727 0.025252525252525252 0.025252525252525252 0.025252525252525252 0.025252525252525252 
0.026041666666666668 0.026041666666666668 0.057291666666666664 0.026041666666666668 0.08854166666666667 0.11979166666666667 0.036458333333333336 0.06770833333333333 0.026041666666666668 0.046875 0.026041666666666668 0.078125 0.046875 0.046875 0.026041666666666668 0.11979166666666667 0.026041666666666668 0.046875 0.026041666666666668 0.036458333333333336 
0.029166666666666667 0.020833333333333332 0.05416666666666667 0.020833333333333332 0.029166666666666667 0.07916666666666666 0.0375 0.04583333333333333 0.0375 0.04583333333333333 0.0375 0.07916666666666666 0.09583333333333334 0.0375 0.020833333333333332 0.17916666666666667 0.04583333333333333 0.04583333333333333 0.0375 0.020833333333333332 
0.04452054794520548 0.03767123287671233 0.04452054794520548 0.03767123287671233 0.023972602739726026 0.05821917808219178 0.03767123287671233 0.04452054794520548 0.017123287671232876 0.030821917808219176 0.030821917808219176 0.017123287671232876 0.08561643835616438 0.023972602739726026 0.023972602739726026 0.2773972602739726 0.04452054794520548 0.04452054794520548 0.05821917808219178 0.017123287671232876 
0.03153153153153153 0.03153153153153153 0.05855855855855856 0.03153153153153153 0.02252252252252252 0.08558558558558559 0.02252252252252252 0.05855855855855856 0.03153153153153153 0.02252252252252252 0.13063063063063063 0.02252252252252252 0.02252252252252252 0.04954954954954955 0.03153153153153153 0.23873873873873874 0.02252252252252252 0.03153153153153153 0.03153153153153153 0.02252252252252252 
0.09328358208955224 0.041044776119402986 0.041044776119402986 0.033582089552238806 0.018656716417910446 0.048507462686567165 0.026119402985074626 0.041044776119402986 0.041044776119402986 0.033582089552238806 0.10820895522388059 0.06343283582089553 0.018656716417910446 0.033582089552238806 0.026119402985074626 0.20522388059701493 0.033582089552238806 0.018656716417910446 0.055970149253731345 0.018656716417910446 
0.04639175257731959 0.02577319587628866 0.04639175257731959 0.03608247422680412 0.03608247422680412 0.06701030927835051 0.03608247422680412 0.05670103092783505 0.02577319587628866 0.02577319587628866 0.0979381443298969 0.04639175257731959 0.03608247422680412 0.04639175257731959 0.03608247422680412 0.20103092783505155 0.04639175257731959 0.02577319587628866 0.03608247422680412 0.02577319587628866 
0.05188679245283019 0.0330188679245283 0.02358490566037736 0.04245283018867924 0.04245283018867924 0.06132075471698113 0.02358490566037736 0.0330188679245283 0.04245283018867924 0.02358490566037736 0.09905660377358491 0.04245283018867924 0.04245283018867924 0.06132075471698113 0.0330188679245283 0.19339622641509435 0.06132075471698113 0.02358490566037736 0.04245283018867924 0.02358490566037736 
0.051181102362204724 0.01968503937007874 0.01968503937007874 0.03543307086614173 0.027559055118110236 0.05905511811023622 0.027559055118110236 0.07480314960629922 0.04330708661417323 0.03543307086614173 0.1377952755905512 0.027559055118110236 0.01968503937007874 0.027559055118110236 0.01968503937007874 0.24015748031496062 0.027559055118110236 0.027559055118110236 0.05905511811023622 0.01968503937007874 
0.023148148148148147 0.023148148148148147 0.032407407407407406 0.041666666666666664 0.041666666666666664 0.09722222222222222 0.023148148148148147 0.041666666666666664 0.023148148148148147 0.06944444444444445 0.2361111111111111 0.032407407407407406 0.06018518518518518 0.023148148148148147 0.032407407407407406 0.023148148148148147 0.041666666666666664 0.023148148148148147 0.0787037037037037 0.032407407407407406 
0.017605633802816902 0.02464788732394366 0.08098591549295775 0.045774647887323945 0.017605633802816902 0.08098591549295775 0.045774647887323945 0.02464788732394366 0.017605633802816902 0.07394366197183098 0.27816901408450706 0.03873239436619718 0.02464788732394366 0.017605633802816902 0.03169014084507042 0.05985915492957746 0.02464788732394366 0.017605633802816902 0.0528169014084507 0.02464788732394366 
0.02717391304347826 0.02717391304347826 0.03804347826086957 0.059782608695652176 0.02717391304347826 0.08152173913043478 0.02717391304347826 0.02717391304347826 0.02717391304347826 0.07065217391304347 0.23369565217391305 0.02717391304347826 0.04891304347826087 0.02717391304347826 0.04891304347826087 0.03804347826086957 0.04891304347826087 0.02717391304347826 0.04891304347826087 0.03804347826086957 
0.04205607476635514 0.03271028037383177 0.03271028037383177 0.0794392523364486 0.02336448598130841 0.07009345794392523 0.04205607476635514 0.10747663551401869 0.09813084112149532 0.0794392523364486 0.08878504672897196 0.02336448598130841 0.03271028037383177 0.04205607476635514 0.02336448598130841 0.02336448598130841 0.02336448598130841 0.07009345794392523 0.03271028037383177 0.03271028037383177 
0.038461538461538464 0.038461538461538464 0.038461538461538464 0.038461538461538464 0.038461538461538464 0.08241758241758242 0.06043956043956044 0.027472527472527472 0.09340659340659341 0.06043956043956044 0.08241758241758242 0.038461538461538464 0.027472527472527472 0.038461538461538464 0.038461538461538464 0.038461538461538464 0.038461538461538464 0.07142857142857142 0.04945054945054945 0.06043956043956044 
0.028455284552845527 0.06097560975609756 0.02032520325203252 0.02032520325203252 0.02032520325203252 0.044715447154471545 0.036585365853658534 0.036585365853658534 0.15853658536585366 0.036585365853658534 0.12601626016260162 0.02032520325203252 0.028455284552845527 0.028455284552845527 0.02032520325203252 0.10975609756097561 0.052845528455284556 0.09349593495934959 0.036585365853658534 0.02032520325203252 
0.028735632183908046 0.028735632183908046 0.040229885057471264 0.028735632183908046 0.040229885057471264 0.028735632183908046 0.028735632183908046 0.06321839080459771 0.028735632183908046 0.040229885057471264 0.15517241379310345 0.05172413793103448 0.05172413793103448 0.09770114942528736 0.05172413793103448 0.05172413793103448 0.040229885057471264 0.028735632183908046 0.07471264367816093 0.040229885057471264 
0.14534883720930233 0.029069767441860465 0.05232558139534884 0.05232558139534884 0.040697674418604654 0.06395348837209303 0.029069767441860465 0.029069767441860465 0.029069767441860465 0.040697674418604654 0.0872093023255814 0.06395348837209303 0.0755813953488372 0.05232558139534884 0.040697674418604654 0.040697674418604654 0.029069767441860465 0.029069767441860465 0.040697674418604654 0.029069767441860465 
0.03731343283582089 0.03731343283582089 0.05223880597014925 0.03731343283582089 0.05223880597014925 0.03731343283582089 0.05223880597014925 0.05223880597014925 0.05223880597014925 0.05223880597014925 0.12686567164179105 0.03731343283582089 0.06716417910447761 0.06716417910447761 0.03731343283582089 0.03731343283582089 0.03731343283582089 0.03731343283582089 0.05223880597014925 0.03731343283582089 
0.029069767441860465 0.040697674418604654 0.029069767441860465 0.029069767441860465 0.05232558139534884 0.029069767441860465 0.040697674418604654 0.029069767441860465 0.029069767441860465 0.14534883720930233 0.1569767441860465 0.05232558139534884 0.029069767441860465 0.040697674418604654 0.029069767441860465 0.040697674418604654 0.040697674418604654 0.05232558139534884 0.0755813953488372 0.029069767441860465 
0.05555555555555555 0.03535353535353535 0.03535353535353535 0.025252525252525252 0.03535353535353535 0.025252525252525252 0.025252525252525252 0.025252525252525252 0.03535353535353535 0.045454545454545456 0.25757575757575757 0.03535353535353535 0.025252525252525252 0.03535353535353535 0.03535353535353535 0.045454545454545456 0.06565656565656566 0.06565656565656566 0.05555555555555555 0.03535353535353535 
0.05859375 0.01953125 0.02734375 0.03515625 0.02734375 0.03515625 0.04296875 0.04296875 0.05078125 0.09765625 0.27734375 0.03515625 0.03515625 0.02734375 0.01953125 0.02734375 0.04296875 0.02734375 0.05078125 0.01953125 
0.028 0.02 0.068 0.044 0.028 0.06 0.036 0.028 0.052 0.076 0.172 0.068 0.036 0.068 0.02 0.028 0.036 0.044 0.06 0.028 
0.05555555555555555 0.025252525252525252 0.07575757575757576 0.045454545454545456 0.03535353535353535 0.09595959595959595 0.025252525252525252 0.03535353535353535 0.03535353535353535 0.045454545454545456 0.14646464646464646 0.045454545454545456 0.05555555555555555 0.03535353535353535 0.025252525252525252 0.025252525252525252 0.03535353535353535 0.045454545454545456 0.08585858585858586 0.025252525252525252 
0.08333333333333333 0.024509803921568627 0.04411764705882353 0.06372549019607843 0.03431372549019608 0.06372549019607843 0.03431372549019608 0.024509803921568627 0.04411764705882353 0.04411764705882353 0.14215686274509803 0.10294117647058823 0.04411764705882353 0.024509803921568627 0.024509803921568627 0.04411764705882353 0.03431372549019608 0.03431372549019608 0.05392156862745098 0.03431372549019608 
0.03535353535353535 0.025252525252525252 0.045454545454545456 0.05555555555555555 0.025252525252525252 0.06565656565656566 0.025252525252525252 0.03535353535353535 0.03535353535353535 0.10606060606060606 0.15656565656565657 0.03535353535353535 0.025252525252525252 0.14646464646464646 0.025252525252525252 0.025252525252525252 0.045454545454545456 0.025252525252525252 0.03535353535353535 0.025252525252525252 
0.031914893617021274 0.01773049645390071 0.031914893617021274 0.031914893617021274 0.01773049645390071 0.024822695035460994 0.04609929078014184 0.024822695035460994 0.031914893617021274 0.0673758865248227 0.33687943262411346 0.05319148936170213 0.031914893617021274 0.06028368794326241 0.031914893617021274 0.024822695035460994 0.024822695035460994 0.031914893617021274 0.05319148936170213 0.024822695035460994 
0.03103448275862069 0.03793103448275862 0.017241379310344827 0.03793103448275862 0.017241379310344827 0.05172413793103448 0.02413793103448276 0.03103448275862069 0.017241379310344827 0.08620689655172414 0.2793103448275862 0.03793103448275862 0.017241379310344827 0.07241379310344828 0.04482758620689655 0.03103448275862069 0.05862068965517241 0.03103448275862069 0.05172413793103448 0.02413793103448276 
0.03333333333333333 0.04666666666666667 0.03333333333333333 0.03333333333333333 0.06 0.03333333333333333 0.03333333333333333 0.04666666666666667 0.04666666666666667 0.03333333333333333 0.06 0.1 0.06 0.1 0.03333333333333333 0.03333333333333333 0.06 0.04666666666666667 0.07333333333333333 0.03333333333333333 
0.05474452554744526 0.04744525547445255 0.040145985401459854 0.01824817518248175 0.025547445255474453 0.032846715328467155 0.04744525547445255 0.01824817518248175 0.01824817518248175 0.04744525547445255 0.07664233576642336 0.16423357664233576 0.032846715328467155 0.07664233576642336 0.032846715328467155 0.032846715328467155 0.07664233576642336 0.05474452554744526 0.08394160583941605 0.01824817518248175 
0.06179775280898876 0.028089887640449437 0.028089887640449437 0.028089887640449437 0.05056179775280899 0.03932584269662921 0.028089887640449437 0.03932584269662921 0.028089887640449437 0.03932584269662921 0.05056179775280899 0.10674157303370786 0.028089887640449437 0.03932584269662921 0.05056179775280899 0.09550561797752809 0.05056179775280899 0.028089887640449437 0.15168539325842698 0.028089887640449437 
0.026595744680851064 0.026595744680851064 0.11170212765957446 0.026595744680851064 0.026595744680851064 0.06914893617021277 0.047872340425531915 0.03723404255319149 0.026595744680851064 0.06914893617021277 0.03723404255319149 0.05851063829787234 0.12234042553191489 0.06914893617021277 0.047872340425531915 0.03723404255319149 0.047872340425531915 0.03723404255319149 0.047872340425531915 0.026595744680851064 
0.01893939393939394 0.07196969696969698 0.056818181818181816 0.026515151515151516 0.01893939393939394 0.08712121212121213 0.041666666666666664 0.04924242424242424 0.03409090909090909 0.11742424242424243 0.06439393939393939 0.04924242424242424 0.16287878787878787 0.041666666666666664 0.01893939393939394 0.01893939393939394 0.04924242424242424 0.026515151515151516 0.01893939393939394 0.026515151515151516 
0.033582089552238806 0.026119402985074626 0.10074626865671642 0.041044776119402986 0.018656716417910446 0.048507462686567165 0.018656716417910446 0.033582089552238806 0.026119402985074626 0.055970149253731345 0.07835820895522388 0.055970149253731345 0.20522388059701493 0.026119402985074626 0.026119402985074626 0.018656716417910446 0.08582089552238806 0.033582089552238806 0.048507462686567165 0.018656716417910446 
0.04487179487179487 0.21153846153846154 0.03205128205128205 0.03205128205128205 0.057692307692307696 0.04487179487179487 0.03205128205128205 0.03205128205128205 0.04487179487179487 0.03205128205128205 0.03205128205128205 0.07051282051282051 0.03205128205128205 0.057692307692307696 0.03205128205128205 0.057692307692307696 0.03205128205128205 0.03205128205128205 0.04487179487179487 0.04487179487179487 
0.021367521367521368 0.2264957264957265 0.021367521367521368 0.05555555555555555 0.0811965811965812 0.038461538461538464 0.021367521367521368 0.021367521367521368 0.029914529914529916 0.038461538461538464 0.038461538461538464 0.05555555555555555 0.05555555555555555 0.04700854700854701 0.0641025641025641 0.038461538461538464 0.07264957264957266 0.021367521367521368 0.029914529914529916 0.021367521367521368 
0.045081967213114756 0.3073770491803279 0.045081967213114756 0.020491803278688523 0.028688524590163935 0.036885245901639344 0.020491803278688523 0.036885245901639344 0.036885245901639344 0.0860655737704918 0.036885245901639344 0.020491803278688523 0.06147540983606557 0.028688524590163935 0.036885245901639344 0.036885245901639344 0.028688524590163935 0.028688524590163935 0.028688524590163935 0.028688524590163935 
0.048672566371681415 0.27876106194690264 0.030973451327433628 0.022123893805309734 0.084070796460177 0.048672566371681415 0.030973451327433628 0.022123893805309734 0.022123893805309734 0.022123893805309734 0.03982300884955752 0.022123893805309734 0.03982300884955752 0.0752212389380531 0.030973451327433628 0.048672566371681415 0.03982300884955752 0.022123893805309734 0.030973451327433628 0.03982300884955752 
0.026717557251908396 0.2786259541984733 0.019083969465648856 0.05725190839694656 0.026717557251908396 0.026717557251908396 0.04961832061068702 0.019083969465648856 0.019083969465648856 0.04198473282442748 0.019083969465648856 0.04198473282442748 0.03435114503816794 0.04198473282442748 0.04961832061068702 0.07251908396946564 0.05725190839694656 0.03435114503816794 0.04961832061068702 0.03435114503816794 
0.05844155844155844 0.2792207792207792 0.032467532467532464 0.032467532467532464 0.05844155844155844 0.032467532467532464 0.032467532467532464 0.032467532467532464 0.032467532467532464 0.032467532467532464 0.032467532467532464 0.032467532467532464 0.045454545454545456 0.05844155844155844 0.032467532467532464 0.045454545454545456 0.032467532467532464 0.032467532467532464 0.032467532467532464 0.032467532467532464 
0.02734375 0.22265625 0.05859375 0.02734375 0.05859375 0.02734375 0.03515625 0.02734375 0.02734375 0.05859375 0.06640625 0.01953125 0.03515625 0.04296875 0.03515625 0.04296875 0.08984375 0.02734375 0.04296875 0.02734375 
0.019230769230769232 0.019230769230769232 0.026923076923076925 0.05 0.019230769230769232 0.11153846153846154 0.28846153846153844 0.026923076923076925 0.04230769230769231 0.05 0.026923076923076925 0.019230769230769232 0.019230769230769232 0.06538461538461539 0.03461538461538462 0.03461538461538462 0.026923076923076925 0.03461538461538462 0.05 0.03461538461538462 
0.03608247422680412 0.03608247422680412 0.04639175257731959 0.02577319587628866 0.02577319587628866 0.13917525773195877 0.20103092783505155 0.08762886597938144 0.04639175257731959 0.02577319587628866 0.02577319587628866 0.03608247422680412 0.03608247422680412 0.03608247422680412 0.03608247422680412 0.03608247422680412 0.04639175257731959 0.02577319587628866 0.02577319587628866 0.02577319587628866 
0.05136986301369863 0.023972602739726026 0.04452054794520548 0.030821917808219176 0.030821917808219176 0.09246575342465753 0.20205479452054795 0.04452054794520548 0.03767123287671233 0.017123287671232876 0.023972602739726026 0.030821917808219176 0.07876712328767123 0.030821917808219176 0.03767123287671233 0.07876712328767123 0.04452054794520548 0.04452054794520548 0.023972602739726026 0.030821917808219176 
0.03398058252427184 0.03398058252427184 0.03398058252427184 0.043689320388349516 0.03398058252427184 0.05339805825242718 0.07281553398058252 0.024271844660194174 0.024271844660194174 0.07281553398058252 0.1796116504854369 0.043689320388349516 0.024271844660194174 0.09223300970873786 0.024271844660194174 0.024271844660194174 0.043689320388349516 0.043689320388349516 0.07281553398058252 0.024271844660194174 
0.03977272727272727 0.03977272727272727 0.028409090909090908 0.03977272727272727 0.028409090909090908 0.0625 0.07386363636363637 0.03977272727272727 0.028409090909090908 0.05113636363636364 0.2215909090909091 0.0625 0.03977272727272727 0.05113636363636364 0.028409090909090908 0.028409090909090908 0.028409090909090908 0.03977272727272727 0.028409090909090908 0.03977272727272727 
0.026717557251908396 0.026717557251908396 0.04961832061068702 0.04961832061068702 0.026717557251908396 0.11068702290076336 0.03435114503816794 0.026717557251908396 0.019083969465648856 0.04961832061068702 0.18702290076335878 0.08015267175572519 0.026717557251908396 0.07251908396946564 0.03435114503816794 0.03435114503816794 0.03435114503816794 0.026717557251908396 0.04961832061068702 0.03435114503816794 
0.032846715328467155 0.01824817518248175 0.01824817518248175 0.032846715328467155 0.01824817518248175 0.040145985401459854 0.040145985401459854 0.01824817518248175 0.032846715328467155 0.06204379562043796 0.3175182481751825 0.06934306569343066 0.05474452554744526 0.04744525547445255 0.01824817518248175 0.040145985401459854 0.05474452554744526 0.032846715328467155 0.032846715328467155 0.01824817518248175 
0.04205607476635514 0.03271028037383177 0.0514018691588785 0.03271028037383177 0.02336448598130841 0.04205607476635514 0.02336448598130841 0.04205607476635514 0.03271028037383177 0.07009345794392523 0.11682242990654206 0.07009345794392523 0.03271028037383177 0.08878504672897196 0.0514018691588785 0.0514018691588785 0.0794392523364486 0.03271028037383177 0.0514018691588785 0.03271028037383177 
0.02252252252252252 0.03153153153153153 0.04054054054054054 0.03153153153153153 0.04054054054054054 0.03153153153153153 0.02252252252252252 0.03153153153153153 0.02252252252252252 0.04954954954954955 0.21171171171171171 0.06756756756756757 0.04954954954954955 0.06756756756756757 0.03153153153153153 0.03153153153153153 0.13963963963963963 0.03153153153153153 0.02252252252252252 0.02252252252252252 
0.028 0.028 0.06 0.076 0.036 0.036 0.036 0.06 0.02 0.06 0.148 0.1 0.044 0.052 0.036 0.036 0.052 0.036 0.036 0.02 
0.027472527472527472 0.027472527472527472 0.06043956043956044 0.038461538461538464 0.038461538461538464 0.1043956043956044 0.027472527472527472 0.038461538461538464 0.027472527472527472 0.04945054945054945 0.15934065934065933 0.04945054945054945 0.038461538461538464 0.04945054945054945 0.027472527472527472 0.07142857142857142 0.07142857142857142 0.027472527472527472 0.038461538461538464 0.027472527472527472 
0.017857142857142856 0.039285714285714285 0.075 0.03214285714285714 0.017857142857142856 0.03214285714285714 0.017857142857142856 0.039285714285714285 0.04642857142857143 0.025 0.2392857142857143 0.08928571428571429 0.04642857142857143 0.017857142857142856 0.025 0.04642857142857143 0.08214285714285714 0.039285714285714285 0.05357142857142857 0.017857142857142856 
0.046218487394957986 0.1134453781512605 0.046218487394957986 0.046218487394957986 0.029411764705882353 0.07142857142857142 0.02100840336134454 0.02100840336134454 0.02100840336134454 0.037815126050420166 0.18907563025210083 0.037815126050420166 0.02100840336134454 0.02100840336134454 0.046218487394957986 0.046218487394957986 0.07983193277310924 0.029411764705882353 0.046218487394957986 0.029411764705882353 
0.02348993288590604 0.1040268456375839 0.0436241610738255 0.05704697986577181 0.016778523489932886 0.050335570469798654 0.030201342281879196 0.0436241610738255 0.016778523489932886 0.050335570469798654 0.17785234899328858 0.02348993288590604 0.030201342281879196 0.016778523489932886 0.03691275167785235 0.0436241610738255 0.1040268456375839 0.05704697986577181 0.02348993288590604 0.050335570469798654 
0.025510204081632654 0.03571428571428571 0.05612244897959184 0.025510204081632654 0.04591836734693878 0.05612244897959184 0.03571428571428571 0.025510204081632654 0.025510204081632654 0.03571428571428571 0.18877551020408162 0.0663265306122449 0.025510204081632654 0.025510204081632654 0.05612244897959184 0.025510204081632654 0.05612244897959184 0.05612244897959184 0.09693877551020408 0.03571428571428571 
0.04245283018867924 0.05188679245283019 0.0330188679245283 0.04245283018867924 0.0330188679245283 0.04245283018867924 0.0330188679245283 0.0330188679245283 0.04245283018867924 0.13679245283018868 0.17452830188679244 0.06132075471698113 0.04245283018867924 0.02358490566037736 0.02358490566037736 0.06132075471698113 0.04245283018867924 0.02358490566037736 0.02358490566037736 0.0330188679245283 
0.06310679611650485 0.024271844660194174 0.043689320388349516 0.024271844660194174 0.0825242718446602 0.03398058252427184 0.024271844660194174 0.06310679611650485 0.043689320388349516 0.024271844660194174 0.22815533980582525 0.024271844660194174 0.03398058252427184 0.043689320388349516 0.03398058252427184 0.03398058252427184 0.0825242718446602 0.043689320388349516 0.024271844660194174 0.024271844660194174 
0.0371900826446281 0.0371900826446281 0.045454545454545456 0.045454545454545456 0.0371900826446281 0.07851239669421488 0.045454545454545456 0.05371900826446281 0.028925619834710745 0.05371900826446281 0.23553719008264462 0.028925619834710745 0.05371900826446281 0.028925619834710745 0.028925619834710745 0.028925619834710745 0.07024793388429752 0.02066115702479339 0.02066115702479339 0.02066115702479339 
0.028409090909090908 0.05113636363636364 0.028409090909090908 0.05113636363636364 0.05113636363636364 0.028409090909090908 0.05113636363636364 0.05113636363636364 0.028409090909090908 0.13068181818181818 0.14204545454545456 0.028409090909090908 0.028409090909090908 0.05113636363636364 0.028409090909090908 0.05113636363636364 0.0625 0.03977272727272727 0.03977272727272727 0.028409090909090908 
0.06439393939393939 0.041666666666666664 0.026515151515151516 0.026515151515151516 0.026515151515151516 0.026515151515151516 0.041666666666666664 0.041666666666666664 0.03409090909090909 0.0946969696969697 0.23106060606060605 0.03409090909090909 0.026515151515151516 0.01893939393939394 0.03409090909090909 0.026515151515151516 0.07196969696969698 0.06439393939393939 0.041666666666666664 0.026515151515151516 
0.042483660130718956 0.049019607843137254 0.029411764705882353 0.02287581699346405 0.016339869281045753 0.049019607843137254 0.02287581699346405 0.042483660130718956 0.029411764705882353 0.14052287581699346 0.14052287581699346 0.10784313725490197 0.02287581699346405 0.049019607843137254 0.029411764705882353 0.05555555555555555 0.042483660130718956 0.05555555555555555 0.029411764705882353 0.02287581699346405 
0.022935779816513763 0.03211009174311927 0.04128440366972477 0.04128440366972477 0.0779816513761468 0.03211009174311927 0.04128440366972477 0.05045871559633028 0.03211009174311927 0.05045871559633028 0.13302752293577982 0.022935779816513763 0.04128440366972477 0.03211009174311927 0.022935779816513763 0.05963302752293578 0.05963302752293578 0.12385321100917432 0.03211009174311927 0.05045871559633028 
0.02577319587628866 0.04639175257731959 0.08762886597938144 0.03608247422680412 0.03608247422680412 0.03608247422680412 0.04639175257731959 0.03608247422680412 0.04639175257731959 0.03608247422680412 0.10824742268041238 0.04639175257731959 0.03608247422680412 0.02577319587628866 0.05670103092783505 0.04639175257731959 0.0979381443298969 0.06701030927835051 0.05670103092783505 0.02577319587628866 
0.034653465346534656 0.034653465346534656 0.034653465346534656 0.034653465346534656 0.07425742574257425 0.034653465346534656 0.04455445544554455 0.024752475247524754 0.04455445544554455 0.07425742574257425 0.13366336633663367 0.034653465346534656 0.024752475247524754 0.024752475247524754 0.024752475247524754 0.08415841584158416 0.09405940594059406 0.06435643564356436 0.024752475247524754 0.054455445544554455 
0.035211267605633804 0.035211267605633804 0.035211267605633804 0.04929577464788732 0.035211267605633804 0.035211267605633804 0.04929577464788732 0.035211267605633804 0.035211267605633804 0.035211267605633804 0.24647887323943662 0.035211267605633804 0.035211267605633804 0.035211267605633804 0.035211267605633804 0.035211267605633804 0.06338028169014084 0.04929577464788732 0.035211267605633804 0.04929577464788732 
0.03571428571428571 0.05 0.06428571428571428 0.05 0.03571428571428571 0.03571428571428571 0.03571428571428571 0.03571428571428571 0.05 0.05 0.17857142857142858 0.05 0.03571428571428571 0.03571428571428571 0.03571428571428571 0.03571428571428571 0.05 0.03571428571428571 0.06428571428571428 0.03571428571428571 
0.025510204081632654 0.03571428571428571 0.03571428571428571 0.04591836734693878 0.025510204081632654 0.04591836734693878 0.025510204081632654 0.05612244897959184 0.07653061224489796 0.04591836734693878 0.2193877551020408 0.05612244897959184 0.025510204081632654 0.03571428571428571 0.03571428571428571 0.05612244897959184 0.04591836734693878 0.03571428571428571 0.025510204081632654 0.04591836734693878 
0.05752212389380531 0.030973451327433628 0.10176991150442478 0.048672566371681415 0.022123893805309734 0.022123893805309734 0.030973451327433628 0.03982300884955752 0.022123893805309734 0.030973451327433628 0.22566371681415928 0.030973451327433628 0.030973451327433628 0.030973451327433628 0.03982300884955752 0.030973451327433628 0.048672566371681415 0.05752212389380531 0.0752212389380531 0.022123893805309734 
0.026717557251908396 0.05725190839694656 0.08778625954198473 0.026717557251908396 0.019083969465648856 0.03435114503816794 0.04198473282442748 0.05725190839694656 0.05725190839694656 0.019083969465648856 0.1946564885496183 0.08778625954198473 0.03435114503816794 0.04961832061068702 0.026717557251908396 0.04961832061068702 0.03435114503816794 0.03435114503816794 0.026717557251908396 0.03435114503816794 
0.01937984496124031 0.01937984496124031 0.08139534883720931 0.01937984496124031 0.01937984496124031 0.07364341085271318 0.05813953488372093 0.07364341085271318 0.03488372093023256 0.050387596899224806 0.22868217054263565 0.050387596899224806 0.03488372093023256 0.01937984496124031 0.027131782945736434 0.01937984496124031 0.06589147286821706 0.03488372093023256 0.04263565891472868 0.027131782945736434 
0.034653465346534656 0.024752475247524754 0.06435643564356436 0.06435643564356436 0.04455445544554455 0.04455445544554455 0.034653465346534656 0.024752475247524754 0.024752475247524754 0.07425742574257425 0.16336633663366337 0.08415841584158416 0.054455445544554455 0.034653465346534656 0.034653465346534656 0.024752475247524754 0.06435643564356436 0.024752475247524754 0.034653465346534656 0.04455445544554455 
0.036885245901639344 0.020491803278688523 0.028688524590163935 0.06967213114754098 0.05327868852459016 0.020491803278688523 0.045081967213114756 0.0860655737704918 0.0942622950819672 0.06967213114754098 0.14344262295081966 0.028688524590163935 0.028688524590163935 0.020491803278688523 0.020491803278688523 0.045081967213114756 0.05327868852459016 0.028688524590163935 0.06967213114754098 0.036885245901639344 
