0.05 0.057692307692307696 0.026923076923076925 0.019230769230769232 0.03461538461538462 0.05 0.03461538461538462 0.03461538461538462 0.026923076923076925 0.05 0.1576923076923077 0.03461538461538462 0.1423076923076923 0.019230769230769232 0.019230769230769232 0.08846153846153847 0.04230769230769231 0.05 0.04230769230769231 0.019230769230769232 
0.029411764705882353 0.037815126050420166 0.029411764705882353 0.06302521008403361 0.02100840336134454 0.029411764705882353 0.0546218487394958 0.029411764705882353 0.029411764705882353 0.06302521008403361 0.0546218487394958 0.06302521008403361 0.13865546218487396 0.046218487394957986 0.0546218487394958 0.07983193277310924 0.09663865546218488 0.02100840336134454 0.029411764705882353 0.029411764705882353 
0.06880733944954129 0.0871559633027523 0.03211009174311927 0.04128440366972477 0.04128440366972477 0.022935779816513763 0.03211009174311927 0.022935779816513763 0.05045871559633028 0.04128440366972477 0.13302752293577982 0.05963302752293578 0.10550458715596331 0.04128440366972477 0.03211009174311927 0.04128440366972477 0.05045871559633028 0.022935779816513763 0.05045871559633028 0.022935779816513763 
0.03365384615384615 0.0625 0.04326923076923077 0.04326923076923077 0.03365384615384615 0.03365384615384615 0.0625 0.04326923076923077 0.03365384615384615 0.0625 0.11057692307692307 0.052884615384615384 0.1201923076923077 0.02403846153846154 0.02403846153846154 0.02403846153846154 0.02403846153846154 0.07211538461538461 0.052884615384615384 0.04326923076923077 
0.041666666666666664 0.032407407407407406 0.05092592592592592 0.06018518518518518 0.06018518518518518 0.032407407407407406 0.05092592592592592 0.032407407407407406 0.041666666666666664 0.023148148148148147 0.10648148148148148 0.041666666666666664 0.06018518518518518 0.11574074074074074 0.023148148148148147 0.06018518518518518 0.041666666666666664 0.032407407407407406 0.05092592592592592 0.041666666666666664 
0.02577319587628866 0.07731958762886598 0.03608247422680412 0.05670103092783505 0.06701030927835051 0.02577319587628866 0.04639175257731959 0.07731958762886598 0.03608247422680412 0.04639175257731959 0.04639175257731959 0.03608247422680412 0.05670103092783505 0.0979381443298969 0.03608247422680412 0.07731958762886598 0.02577319587628866 0.02577319587628866 0.06701030927835051 0.03608247422680412 
0.03431372549019608 0.06372549019607843 0.04411764705882353 0.05392156862745098 0.024509803921568627 0.024509803921568627 0.03431372549019608 0.05392156862745098 0.03431372549019608 0.024509803921568627 0.05392156862745098 0.09313725490196079 0.04411764705882353 0.1323529411764706 0.024509803921568627 0.07352941176470588 0.05392156862745098 0.024509803921568627 0.06372549019607843 0.04411764705882353 
0.02631578947368421 0.02631578947368421 0.03684210526315789 0.06842105263157895 0.02631578947368421 0.04736842105263158 0.03684210526315789 0.04736842105263158 0.02631578947368421 0.05789473684210526 0.21578947368421053 0.04736842105263158 0.05789473684210526 0.05789473684210526 0.02631578947368421 0.04736842105263158 0.03684210526315789 0.04736842105263158 0.03684210526315789 0.02631578947368421 
0.03365384615384615 0.04326923076923077 0.08173076923076923 0.03365384615384615 0.02403846153846154 0.03365384615384615 0.03365384615384615 0.07211538461538461 0.02403846153846154 0.08173076923076923 0.1201923076923077 0.04326923076923077 0.04326923076923077 0.052884615384615384 0.03365384615384615 0.052884615384615384 0.02403846153846154 0.03365384615384615 0.10096153846153846 0.03365384615384615 
0.034722222222222224 0.034722222222222224 0.04861111111111111 0.0763888888888889 0.034722222222222224 0.034722222222222224 0.04861111111111111 0.034722222222222224 0.0625 0.034722222222222224 0.11805555555555555 0.0625 0.04861111111111111 0.034722222222222224 0.04861111111111111 0.0763888888888889 0.04861111111111111 0.04861111111111111 0.034722222222222224 0.034722222222222224 
0.05102040816326531 0.06462585034013606 0.017006802721088437 0.09183673469387756 0.017006802721088437 0.030612244897959183 0.04421768707482993 0.05782312925170068 0.11904761904761904 0.08503401360544217 0.03741496598639456 0.017006802721088437 0.08503401360544217 0.030612244897959183 0.017006802721088437 0.030612244897959183 0.04421768707482993 0.04421768707482993 0.06462585034013606 0.05102040816326531 
0.051181102362204724 0.03543307086614173 0.05905511811023622 0.01968503937007874 0.03543307086614173 0.03543307086614173 0.027559055118110236 0.03543307086614173 0.07480314960629922 0.08267716535433071 0.04330708661417323 0.05905511811023622 0.05905511811023622 0.027559055118110236 0.051181102362204724 0.0984251968503937 0.04330708661417323 0.04330708661417323 0.04330708661417323 0.07480314960629922 
0.056666666666666664 0.056666666666666664 0.06333333333333334 0.03 0.016666666666666666 0.016666666666666666 0.023333333333333334 0.043333333333333335 0.05 0.13 0.043333333333333335 0.06333333333333334 0.06333333333333334 0.05 0.056666666666666664 0.07 0.06333333333333334 0.03 0.03 0.043333333333333335 
0.02364864864864865 0.08445945945945946 0.02364864864864865 0.05067567567567568 0.037162162162162164 0.016891891891891893 0.02364864864864865 0.037162162162162164 0.09797297297297297 0.057432432432432436 0.05067567567567568 0.057432432432432436 0.11824324324324324 0.057432432432432436 0.030405405405405407 0.04391891891891892 0.06418918918918919 0.037162162162162164 0.05067567567567568 0.037162162162162164 
0.07456140350877193 0.05701754385964912 0.021929824561403508 0.08333333333333333 0.03070175438596491 0.03070175438596491 0.021929824561403508 0.03070175438596491 0.10087719298245613 0.10087719298245613 0.03070175438596491 0.03070175438596491 0.05701754385964912 0.021929824561403508 0.039473684210526314 0.04824561403508772 0.05701754385964912 0.06578947368421052 0.039473684210526314 0.05701754385964912 
0.01937984496124031 0.08139534883720931 0.03488372093023256 0.03488372093023256 0.027131782945736434 0.050387596899224806 0.01937984496124031 0.01937984496124031 0.050387596899224806 0.10465116279069768 0.050387596899224806 0.03488372093023256 0.12015503875968993 0.04263565891472868 0.04263565891472868 0.05813953488372093 0.050387596899224806 0.09689922480620156 0.027131782945736434 0.03488372093023256 
0.04736842105263158 0.02631578947368421 0.03684210526315789 0.03684210526315789 0.02631578947368421 0.06842105263157895 0.03684210526315789 0.03684210526315789 0.03684210526315789 0.03684210526315789 0.03684210526315789 0.05789473684210526 0.02631578947368421 0.05789473684210526 0.03684210526315789 0.23684210526315788 0.03684210526315789 0.03684210526315789 0.05789473684210526 0.02631578947368421 
0.0546218487394958 0.029411764705882353 0.0546218487394958 0.029411764705882353 0.02100840336134454 0.02100840336134454 0.046218487394957986 0.02100840336134454 0.037815126050420166 0.037815126050420166 0.037815126050420166 0.037815126050420166 0.029411764705882353 0.09663865546218488 0.02100840336134454 0.1722689075630252 0.07142857142857142 0.02100840336134454 0.08823529411764706 0.07142857142857142 
0.030973451327433628 0.030973451327433628 0.030973451327433628 0.022123893805309734 0.03982300884955752 0.05752212389380531 0.030973451327433628 0.030973451327433628 0.030973451327433628 0.048672566371681415 0.09292035398230089 0.022123893805309734 0.022123893805309734 0.10176991150442478 0.05752212389380531 0.16371681415929204 0.05752212389380531 0.030973451327433628 0.05752212389380531 0.03982300884955752 
0.03594771241830065 0.02287581699346405 0.049019607843137254 0.10130718954248366 0.029411764705882353 0.20588235294117646 0.016339869281045753 0.029411764705882353 0.02287581699346405 0.05555555555555555 0.03594771241830065 0.07516339869281045 0.049019607843137254 0.03594771241830065 0.05555555555555555 0.06209150326797386 0.06209150326797386 0.02287581699346405 0.016339869281045753 0.016339869281045753 
0.023809523809523808 0.05102040816326531 0.017006802721088437 0.0782312925170068 0.023809523809523808 0.20748299319727892 0.017006802721088437 0.030612244897959183 0.03741496598639456 0.04421768707482993 0.0782312925170068 0.023809523809523808 0.05782312925170068 0.023809523809523808 0.05782312925170068 0.1054421768707483 0.04421768707482993 0.017006802721088437 0.03741496598639456 0.023809523809523808 
0.030726256983240222 0.036312849162011177 0.06983240223463687 0.10335195530726257 0.025139664804469275 0.1871508379888268 0.04748603351955307 0.013966480446927373 0.013966480446927373 0.07541899441340782 0.036312849162011177 0.025139664804469275 0.05307262569832402 0.08100558659217877 0.019553072625698324 0.08100558659217877 0.019553072625698324 0.025139664804469275 0.019553072625698324 0.036312849162011177 
0.03273809523809524 0.050595238095238096 0.0744047619047619 0.0744047619047619 0.026785714285714284 0.15773809523809523 0.03273809523809524 0.020833333333333332 0.03869047619047619 0.050595238095238096 0.026785714285714284 0.10416666666666667 0.03273809523809524 0.03273809523809524 0.044642857142857144 0.09821428571428571 0.026785714285714284 0.01488095238095238 0.03869047619047619 0.020833333333333332 
0.052 0.044 0.02 0.06 0.036 0.188 0.02 0.02 0.02 0.028 0.044 0.028 0.036 0.036 0.116 0.108 0.06 0.036 0.02 0.028 
0.03515625 0.04296875 0.07421875 0.04296875 0.03515625 0.16796875 0.02734375 0.01953125 0.02734375 0.02734375 0.05078125 0.04296875 0.05078125 0.02734375 0.06640625 0.08984375 0.05859375 0.05078125 0.04296875 0.01953125 
0.03070175438596491 0.021929824561403508 0.021929824561403508 0.11842105263157894 0.039473684210526314 0.04824561403508772 0.021929824561403508 0.039473684210526314 0.03070175438596491 0.03070175438596491 0.021929824561403508 0.03070175438596491 0.08333333333333333 0.05701754385964912 0.039473684210526314 0.17982456140350878 0.021929824561403508 0.05701754385964912 0.08333333333333333 0.021929824561403508 
0.03383458646616541 0.02631578947368421 0.03383458646616541 0.05639097744360902 0.03383458646616541 0.018796992481203006 0.02631578947368421 0.02631578947368421 0.05639097744360902 0.018796992481203006 0.018796992481203006 0.05639097744360902 0.10902255639097744 0.11654135338345864 0.02631578947368421 0.18421052631578946 0.041353383458646614 0.03383458646616541 0.05639097744360902 0.02631578947368421 
0.01953125 0.02734375 0.01953125 0.04296875 0.05078125 0.02734375 0.02734375 0.04296875 0.02734375 0.02734375 0.01953125 0.02734375 0.15234375 0.11328125 0.03515625 0.17578125 0.04296875 0.03515625 0.04296875 0.04296875 
0.031818181818181815 0.05 0.022727272727272728 0.031818181818181815 0.031818181818181815 0.06818181818181818 0.031818181818181815 0.022727272727272728 0.031818181818181815 0.04090909090909091 0.05 0.022727272727272728 0.06818181818181818 0.031818181818181815 0.04090909090909091 0.2681818181818182 0.05 0.04090909090909091 0.031818181818181815 0.031818181818181815 
0.02358490566037736 0.02358490566037736 0.05188679245283019 0.0330188679245283 0.04245283018867924 0.09905660377358491 0.0330188679245283 0.02358490566037736 0.02358490566037736 0.05188679245283019 0.02358490566037736 0.06132075471698113 0.05188679245283019 0.06132075471698113 0.02358490566037736 0.2783018867924528 0.02358490566037736 0.02358490566037736 0.02358490566037736 0.02358490566037736 
0.030612244897959183 0.07142857142857142 0.06462585034013606 0.030612244897959183 0.030612244897959183 0.0782312925170068 0.023809523809523808 0.05102040816326531 0.030612244897959183 0.030612244897959183 0.04421768707482993 0.09183673469387756 0.04421768707482993 0.030612244897959183 0.023809523809523808 0.18027210884353742 0.04421768707482993 0.04421768707482993 0.017006802721088437 0.03741496598639456 
0.07575757575757576 0.025252525252525252 0.03535353535353535 0.025252525252525252 0.025252525252525252 0.09595959595959595 0.025252525252525252 0.025252525252525252 0.05555555555555555 0.03535353535353535 0.025252525252525252 0.025252525252525252 0.025252525252525252 0.045454545454545456 0.07575757575757576 0.21717171717171718 0.045454545454545456 0.045454545454545456 0.045454545454545456 0.025252525252525252 
0.026041666666666668 0.026041666666666668 0.13020833333333334 0.026041666666666668 0.026041666666666668 0.046875 0.036458333333333336 0.06770833333333333 0.026041666666666668 0.046875 0.026041666666666668 0.046875 0.036458333333333336 0.06770833333333333 0.036458333333333336 0.19270833333333334 0.026041666666666668 0.057291666666666664 0.026041666666666668 0.026041666666666668 
0.020833333333333332 0.029166666666666667 0.029166666666666667 0.029166666666666667 0.020833333333333332 0.09583333333333334 0.04583333333333333 0.029166666666666667 0.029166666666666667 0.07916666666666666 0.04583333333333333 0.07916666666666666 0.0375 0.0625 0.029166666666666667 0.20416666666666666 0.029166666666666667 0.04583333333333333 0.029166666666666667 0.029166666666666667 
0.030821917808219176 0.03767123287671233 0.030821917808219176 0.04452054794520548 0.017123287671232876 0.07876712328767123 0.030821917808219176 0.023972602739726026 0.017123287671232876 0.030821917808219176 0.08561643835616438 0.030821917808219176 0.023972602739726026 0.030821917808219176 0.05136986301369863 0.20205479452054795 0.07191780821917808 0.04452054794520548 0.09931506849315068 0.017123287671232876 
0.04054054054054054 0.02252252252252252 0.03153153153153153 0.03153153153153153 0.05855855855855856 0.08558558558558559 0.02252252252252252 0.04954954954954955 0.02252252252252252 0.02252252252252252 0.11261261261261261 0.0945945945945946 0.02252252252252252 0.04954954954954955 0.04954954954954955 0.12162162162162163 0.04054054054054054 0.04954954954954955 0.04954954954954955 0.02252252252252252 
0.0708955223880597 0.033582089552238806 0.055970149253731345 0.041044776119402986 0.018656716417910446 0.07835820895522388 0.033582089552238806 0.041044776119402986 0.018656716417910446 0.026119402985074626 0.15298507462686567 0.041044776119402986 0.018656716417910446 0.033582089552238806 0.041044776119402986 0.15298507462686567 0.033582089552238806 0.018656716417910446 0.0708955223880597 0.018656716417910446 
0.02577319587628866 0.02577319587628866 0.02577319587628866 0.02577319587628866 0.04639175257731959 0.08762886597938144 0.03608247422680412 0.05670103092783505 0.03608247422680412 0.02577319587628866 0.13917525773195877 0.06701030927835051 0.03608247422680412 0.04639175257731959 0.03608247422680412 0.13917525773195877 0.03608247422680412 0.03608247422680412 0.03608247422680412 0.03608247422680412 
0.05188679245283019 0.02358490566037736 0.06132075471698113 0.02358490566037736 0.02358490566037736 0.08018867924528301 0.0330188679245283 0.05188679245283019 0.0330188679245283 0.02358490566037736 0.10849056603773585 0.07075471698113207 0.04245283018867924 0.05188679245283019 0.02358490566037736 0.17452830188679244 0.02358490566037736 0.02358490566037736 0.05188679245283019 0.02358490566037736 
0.04330708661417323 0.03543307086614173 0.03543307086614173 0.05905511811023622 0.051181102362204724 0.07480314960629922 0.01968503937007874 0.07480314960629922 0.01968503937007874 0.01968503937007874 0.08267716535433071 0.051181102362204724 0.01968503937007874 0.06692913385826772 0.051181102362204724 0.1220472440944882 0.04330708661417323 0.04330708661417323 0.06692913385826772 0.01968503937007874 
0.06018518518518518 0.023148148148148147 0.06018518518518518 0.032407407407407406 0.023148148148148147 0.06944444444444445 0.032407407407407406 0.032407407407407406 0.023148148148148147 0.0787037037037037 0.2361111111111111 0.023148148148148147 0.023148148148148147 0.023148148148148147 0.05092592592592592 0.023148148148148147 0.032407407407407406 0.05092592592592592 0.0787037037037037 0.023148148148148147 
0.03873239436619718 0.03873239436619718 0.0528169014084507 0.045774647887323945 0.017605633802816902 0.07394366197183098 0.0528169014084507 0.03169014084507042 0.02464788732394366 0.05985915492957746 0.2711267605633803 0.02464788732394366 0.017605633802816902 0.03169014084507042 0.03169014084507042 0.017605633802816902 0.08098591549295775 0.03169014084507042 0.03873239436619718 0.017605633802816902 
0.02717391304347826 0.03804347826086957 0.04891304347826087 0.07065217391304347 0.03804347826086957 0.07065217391304347 0.02717391304347826 0.04891304347826087 0.02717391304347826 0.07065217391304347 0.21195652173913043 0.02717391304347826 0.04891304347826087 0.02717391304347826 0.02717391304347826 0.03804347826086957 0.059782608695652176 0.03804347826086957 0.02717391304347826 0.02717391304347826 
0.03271028037383177 0.03271028037383177 0.03271028037383177 0.0794392523364486 0.02336448598130841 0.06074766355140187 0.02336448598130841 0.0514018691588785 0.10747663551401869 0.08878504672897196 0.14485981308411214 0.02336448598130841 0.04205607476635514 0.06074766355140187 0.03271028037383177 0.03271028037383177 0.02336448598130841 0.03271028037383177 0.0514018691588785 0.02336448598130841 
0.027472527472527472 0.04945054945054945 0.04945054945054945 0.027472527472527472 0.027472527472527472 0.07142857142857142 0.038461538461538464 0.027472527472527472 0.08241758241758242 0.1043956043956044 0.08241758241758242 0.027472527472527472 0.06043956043956044 0.038461538461538464 0.027472527472527472 0.08241758241758242 0.038461538461538464 0.04945054945054945 0.038461538461538464 0.04945054945054945 
0.036585365853658534 0.052845528455284556 0.02032520325203252 0.02032520325203252 0.028455284552845527 0.07723577235772358 0.028455284552845527 0.036585365853658534 0.14227642276422764 0.044715447154471545 0.13414634146341464 0.036585365853658534 0.028455284552845527 0.028455284552845527 0.036585365853658534 0.06097560975609756 0.036585365853658534 0.08536585365853659 0.036585365853658534 0.028455284552845527 
0.06321839080459771 0.040229885057471264 0.028735632183908046 0.028735632183908046 0.028735632183908046 0.06321839080459771 0.028735632183908046 0.06321839080459771 0.040229885057471264 0.040229885057471264 0.1896551724137931 0.028735632183908046 0.028735632183908046 0.040229885057471264 0.05172413793103448 0.028735632183908046 0.040229885057471264 0.040229885057471264 0.09770114942528736 0.028735632183908046 
0.029069767441860465 0.05232558139534884 0.029069767441860465 0.029069767441860465 0.029069767441860465 0.0755813953488372 0.029069767441860465 0.05232558139534884 0.029069767441860465 0.0755813953488372 0.11046511627906977 0.029069767441860465 0.040697674418604654 0.0872093023255814 0.029069767441860465 0.05232558139534884 0.040697674418604654 0.06395348837209303 0.0872093023255814 0.029069767441860465 
0.08208955223880597 0.03731343283582089 0.03731343283582089 0.03731343283582089 0.03731343283582089 0.03731343283582089 0.03731343283582089 0.03731343283582089 0.05223880597014925 0.05223880597014925 0.15671641791044777 0.03731343283582089 0.03731343283582089 0.03731343283582089 0.03731343283582089 0.03731343283582089 0.05223880597014925 0.03731343283582089 0.08208955223880597 0.03731343283582089 
0.05232558139534884 0.040697674418604654 0.029069767441860465 0.029069767441860465 0.040697674418604654 0.029069767441860465 0.029069767441860465 0.029069767441860465 0.040697674418604654 0.09883720930232558 0.1569767441860465 0.06395348837209303 0.029069767441860465 0.029069767441860465 0.029069767441860465 0.040697674418604654 0.040697674418604654 0.0755813953488372 0.0872093023255814 0.029069767441860465 
0.05555555555555555 0.045454545454545456 0.025252525252525252 0.025252525252525252 0.045454545454545456 0.03535353535353535 0.03535353535353535 0.025252525252525252 0.025252525252525252 0.045454545454545456 0.3181818181818182 0.025252525252525252 0.025252525252525252 0.025252525252525252 0.025252525252525252 0.03535353535353535 0.045454545454545456 0.05555555555555555 0.045454545454545456 0.03535353535353535 
0.02734375 0.01953125 0.02734375 0.01953125 0.01953125 0.05078125 0.02734375 0.07421875 0.03515625 0.04296875 0.37890625 0.02734375 0.02734375 0.03515625 0.01953125 0.02734375 0.01953125 0.04296875 0.05859375 0.01953125 
0.02 0.036 0.044 0.028 0.02 0.052 0.028 0.028 0.036 0.068 0.26 0.02 0.036 0.044 0.036 0.02 0.124 0.028 0.044 0.028 
0.045454545454545456 0.03535353535353535 0.045454545454545456 0.05555555555555555 0.025252525252525252 0.08585858585858586 0.025252525252525252 0.03535353535353535 0.025252525252525252 0.03535353535353535 0.14646464646464646 0.045454545454545456 0.025252525252525252 0.08585858585858586 0.025252525252525252 0.025252525252525252 0.045454545454545456 0.025252525252525252 0.11616161616161616 0.045454545454545456 
0.07352941176470588 0.03431372549019608 0.05392156862745098 0.03431372549019608 0.024509803921568627 0.09313725490196079 0.024509803921568627 0.024509803921568627 0.024509803921568627 0.06372549019607843 0.1715686274509804 0.06372549019607843 0.04411764705882353 0.03431372549019608 0.024509803921568627 0.04411764705882353 0.024509803921568627 0.05392156862745098 0.06372549019607843 0.024509803921568627 
0.05555555555555555 0.03535353535353535 0.045454545454545456 0.03535353535353535 0.025252525252525252 0.045454545454545456 0.025252525252525252 0.03535353535353535 0.045454545454545456 0.07575757575757576 0.11616161616161616 0.03535353535353535 0.05555555555555555 0.09595959595959595 0.025252525252525252 0.045454545454545456 0.05555555555555555 0.07575757575757576 0.03535353535353535 0.03535353535353535 
0.024822695035460994 0.024822695035460994 0.01773049645390071 0.04609929078014184 0.03900709219858156 0.024822695035460994 0.04609929078014184 0.024822695035460994 0.01773049645390071 0.08156028368794327 0.2801418439716312 0.05319148936170213 0.031914893617021274 0.10283687943262411 0.031914893617021274 0.031914893617021274 0.024822695035460994 0.031914893617021274 0.04609929078014184 0.01773049645390071 
0.05172413793103448 0.05172413793103448 0.04482758620689655 0.02413793103448276 0.03103448275862069 0.03793103448275862 0.02413793103448276 0.02413793103448276 0.02413793103448276 0.05862068965517241 0.27241379310344827 0.02413793103448276 0.02413793103448276 0.07241379310344828 0.02413793103448276 0.03103448275862069 0.05862068965517241 0.02413793103448276 0.07931034482758621 0.017241379310344827 
0.03333333333333333 0.04666666666666667 0.03333333333333333 0.03333333333333333 0.04666666666666667 0.04666666666666667 0.03333333333333333 0.03333333333333333 0.04666666666666667 0.04666666666666667 0.07333333333333333 0.08666666666666667 0.04666666666666667 0.08666666666666667 0.04666666666666667 0.04666666666666667 0.07333333333333333 0.03333333333333333 0.07333333333333333 0.03333333333333333 
0.06934306569343066 0.032846715328467155 0.05474452554744526 0.01824817518248175 0.025547445255474453 0.05474452554744526 0.01824817518248175 0.01824817518248175 0.025547445255474453 0.032846715328467155 0.06204379562043796 0.20072992700729927 0.01824817518248175 0.040145985401459854 0.06934306569343066 0.04744525547445255 0.06204379562043796 0.04744525547445255 0.08394160583941605 0.01824817518248175 
0.028089887640449437 0.03932584269662921 0.06179775280898876 0.028089887640449437 0.028089887640449437 0.03932584269662921 0.028089887640449437 0.028089887640449437 0.03932584269662921 0.028089887640449437 0.08426966292134831 0.05056179775280899 0.03932584269662921 0.03932584269662921 0.10674157303370786 0.07303370786516854 0.05056179775280899 0.03932584269662921 0.1404494382022472 0.028089887640449437 
0.047872340425531915 0.03723404255319149 0.0797872340425532 0.026595744680851064 0.03723404255319149 0.03723404255319149 0.03723404255319149 0.026595744680851064 0.03723404255319149 0.047872340425531915 0.0797872340425532 0.0797872340425532 0.09042553191489362 0.03723404255319149 0.03723404255319149 0.06914893617021277 0.0797872340425532 0.026595744680851064 0.05851063829787234 0.026595744680851064 
0.04924242424242424 0.04924242424242424 0.056818181818181816 0.01893939393939394 0.026515151515151516 0.10227272727272728 0.026515151515151516 0.026515151515151516 0.01893939393939394 0.07954545454545454 0.056818181818181816 0.08712121212121213 0.125 0.041666666666666664 0.026515151515151516 0.026515151515151516 0.07196969696969698 0.056818181818181816 0.026515151515151516 0.026515151515151516 
0.041044776119402986 0.018656716417910446 0.1455223880597015 0.026119402985074626 0.026119402985074626 0.055970149253731345 0.06343283582089553 0.041044776119402986 0.026119402985074626 0.048507462686567165 0.055970149253731345 0.026119402985074626 0.10074626865671642 0.055970149253731345 0.033582089552238806 0.048507462686567165 0.0708955223880597 0.033582089552238806 0.041044776119402986 0.041044776119402986 
0.04487179487179487 0.25 0.03205128205128205 0.03205128205128205 0.04487179487179487 0.03205128205128205 0.03205128205128205 0.03205128205128205 0.03205128205128205 0.04487179487179487 0.03205128205128205 0.057692307692307696 0.057692307692307696 0.04487179487179487 0.03205128205128205 0.04487179487179487 0.04487179487179487 0.03205128205128205 0.04487179487179487 0.03205128205128205 
0.029914529914529916 0.23504273504273504 0.05555555555555555 0.04700854700854701 0.04700854700854701 0.038461538461538464 0.038461538461538464 0.038461538461538464 0.0641025641025641 0.021367521367521368 0.038461538461538464 0.07264957264957266 0.029914529914529916 0.021367521367521368 0.038461538461538464 0.038461538461538464 0.07264957264957266 0.021367521367521368 0.021367521367521368 0.029914529914529916 
0.045081967213114756 0.26639344262295084 0.036885245901639344 0.028688524590163935 0.028688524590163935 0.020491803278688523 0.028688524590163935 0.045081967213114756 0.028688524590163935 0.06967213114754098 0.036885245901639344 0.0860655737704918 0.036885245901639344 0.028688524590163935 0.028688524590163935 0.036885245901639344 0.05327868852459016 0.036885245901639344 0.036885245901639344 0.020491803278688523 
0.084070796460177 0.22566371681415928 0.05752212389380531 0.022123893805309734 0.03982300884955752 0.022123893805309734 0.022123893805309734 0.022123893805309734 0.022123893805309734 0.030973451327433628 0.030973451327433628 0.09292035398230089 0.03982300884955752 0.048672566371681415 0.030973451327433628 0.048672566371681415 0.048672566371681415 0.03982300884955752 0.03982300884955752 0.030973451327433628 
0.04961832061068702 0.2862595419847328 0.026717557251908396 0.04961832061068702 0.08015267175572519 0.026717557251908396 0.05725190839694656 0.026717557251908396 0.03435114503816794 0.03435114503816794 0.019083969465648856 0.04198473282442748 0.026717557251908396 0.03435114503816794 0.026717557251908396 0.04198473282442748 0.04198473282442748 0.03435114503816794 0.03435114503816794 0.026717557251908396 
0.045454545454545456 0.24025974025974026 0.032467532467532464 0.032467532467532464 0.045454545454545456 0.032467532467532464 0.032467532467532464 0.05844155844155844 0.032467532467532464 0.032467532467532464 0.032467532467532464 0.032467532467532464 0.032467532467532464 0.05844155844155844 0.045454545454545456 0.07142857142857142 0.032467532467532464 0.032467532467532464 0.032467532467532464 0.045454545454545456 
0.04296875 0.21484375 0.04296875 0.02734375 0.05078125 0.03515625 0.02734375 0.03515625 0.03515625 0.04296875 0.04296875 0.03515625 0.02734375 0.01953125 0.02734375 0.08203125 0.10546875 0.01953125 0.03515625 0.05078125 
0.04230769230769231 0.026923076923076925 0.019230769230769232 0.05 0.019230769230769232 0.09615384615384616 0.28076923076923077 0.026923076923076925 0.04230769230769231 0.057692307692307696 0.03461538461538462 0.019230769230769232 0.03461538461538462 0.09615384615384616 0.026923076923076925 0.026923076923076925 0.04230769230769231 0.019230769230769232 0.019230769230769232 0.019230769230769232 
0.03608247422680412 0.02577319587628866 0.02577319587628866 0.04639175257731959 0.02577319587628866 0.13917525773195877 0.22164948453608246 0.03608247422680412 0.05670103092783505 0.02577319587628866 0.03608247422680412 0.04639175257731959 0.03608247422680412 0.03608247422680412 0.02577319587628866 0.03608247422680412 0.02577319587628866 0.02577319587628866 0.05670103092783505 0.03608247422680412 
0.04452054794520548 0.04452054794520548 0.05136986301369863 0.030821917808219176 0.017123287671232876 0.06506849315068493 0.20205479452054795 0.05136986301369863 0.023972602739726026 0.04452054794520548 0.05821917808219178 0.04452054794520548 0.06506849315068493 0.030821917808219176 0.017123287671232876 0.05821917808219178 0.05821917808219178 0.030821917808219176 0.030821917808219176 0.030821917808219176 
0.043689320388349516 0.043689320388349516 0.024271844660194174 0.024271844660194174 0.03398058252427184 0.043689320388349516 0.07281553398058252 0.06310679611650485 0.03398058252427184 0.07281553398058252 0.1796116504854369 0.03398058252427184 0.024271844660194174 0.09223300970873786 0.024271844660194174 0.043689320388349516 0.024271844660194174 0.05339805825242718 0.043689320388349516 0.024271844660194174 
0.028409090909090908 0.028409090909090908 0.05113636363636364 0.03977272727272727 0.03977272727272727 0.0625 0.0625 0.03977272727272727 0.028409090909090908 0.028409090909090908 0.23295454545454544 0.05113636363636364 0.05113636363636364 0.0625 0.028409090909090908 0.028409090909090908 0.03977272727272727 0.028409090909090908 0.03977272727272727 0.028409090909090908 
0.04961832061068702 0.019083969465648856 0.026717557251908396 0.04198473282442748 0.026717557251908396 0.09541984732824428 0.04198473282442748 0.026717557251908396 0.026717557251908396 0.04198473282442748 0.22519083969465647 0.09541984732824428 0.04961832061068702 0.05725190839694656 0.04198473282442748 0.026717557251908396 0.026717557251908396 0.019083969465648856 0.03435114503816794 0.026717557251908396 
0.032846715328467155 0.025547445255474453 0.025547445255474453 0.05474452554744526 0.01824817518248175 0.05474452554744526 0.032846715328467155 0.025547445255474453 0.025547445255474453 0.08394160583941605 0.3102189781021898 0.06204379562043796 0.032846715328467155 0.040145985401459854 0.032846715328467155 0.04744525547445255 0.032846715328467155 0.025547445255474453 0.01824817518248175 0.01824817518248175 
0.04205607476635514 0.02336448598130841 0.02336448598130841 0.04205607476635514 0.03271028037383177 0.03271028037383177 0.03271028037383177 0.0514018691588785 0.04205607476635514 0.06074766355140187 0.19158878504672897 0.0794392523364486 0.04205607476635514 0.0514018691588785 0.03271028037383177 0.02336448598130841 0.10747663551401869 0.03271028037383177 0.03271028037383177 0.02336448598130841 
0.03153153153153153 0.03153153153153153 0.04054054054054054 0.02252252252252252 0.03153153153153153 0.03153153153153153 0.03153153153153153 0.02252252252252252 0.04954954954954955 0.04954954954954955 0.20270270270270271 0.05855855855855856 0.03153153153153153 0.08558558558558559 0.03153153153153153 0.02252252252252252 0.11261261261261261 0.03153153153153153 0.04054054054054054 0.04054054054054054 
0.028 0.044 0.028 0.036 0.028 0.02 0.02 0.06 0.02 0.06 0.212 0.092 0.044 0.052 0.028 0.044 0.084 0.028 0.052 0.02 
0.027472527472527472 0.038461538461538464 0.038461538461538464 0.038461538461538464 0.07142857142857142 0.11538461538461539 0.04945054945054945 0.027472527472527472 0.027472527472527472 0.038461538461538464 0.12637362637362637 0.07142857142857142 0.027472527472527472 0.04945054945054945 0.027472527472527472 0.038461538461538464 0.07142857142857142 0.04945054945054945 0.038461538461538464 0.027472527472527472 
0.039285714285714285 0.04642857142857143 0.05357142857142857 0.025 0.05357142857142857 0.08214285714285714 0.025 0.017857142857142856 0.025 0.03214285714285714 0.19642857142857142 0.075 0.03214285714285714 0.017857142857142856 0.017857142857142856 0.03214285714285714 0.09642857142857143 0.05357142857142857 0.03214285714285714 0.04642857142857143 
0.029411764705882353 0.07142857142857142 0.09663865546218488 0.037815126050420166 0.07142857142857142 0.09663865546218488 0.037815126050420166 0.02100840336134454 0.02100840336134454 0.046218487394957986 0.1134453781512605 0.07983193277310924 0.029411764705882353 0.029411764705882353 0.037815126050420166 0.046218487394957986 0.046218487394957986 0.02100840336134454 0.029411764705882353 0.037815126050420166 
0.02348993288590604 0.08389261744966443 0.030201342281879196 0.06375838926174497 0.030201342281879196 0.09060402684563758 0.0436241610738255 0.030201342281879196 0.02348993288590604 0.05704697986577181 0.13087248322147652 0.0436241610738255 0.03691275167785235 0.016778523489932886 0.030201342281879196 0.016778523489932886 0.12416107382550336 0.03691275167785235 0.03691275167785235 0.050335570469798654 
0.025510204081632654 0.04591836734693878 0.05612244897959184 0.025510204081632654 0.025510204081632654 0.11734693877551021 0.03571428571428571 0.025510204081632654 0.025510204081632654 0.05612244897959184 0.14795918367346939 0.03571428571428571 0.025510204081632654 0.025510204081632654 0.025510204081632654 0.03571428571428571 0.05612244897959184 0.05612244897959184 0.07653061224489796 0.07653061224489796 
0.04245283018867924 0.0330188679245283 0.0330188679245283 0.05188679245283019 0.0330188679245283 0.0330188679245283 0.02358490566037736 0.04245283018867924 0.04245283018867924 0.08962264150943396 0.15566037735849056 0.0330188679245283 0.06132075471698113 0.0330188679245283 0.0330188679245283 0.05188679245283019 0.07075471698113207 0.05188679245283019 0.0330188679245283 0.05188679245283019 
0.03398058252427184 0.05339805825242718 0.06310679611650485 0.043689320388349516 0.07281553398058252 0.03398058252427184 0.024271844660194174 0.043689320388349516 0.043689320388349516 0.03398058252427184 0.18932038834951456 0.03398058252427184 0.043689320388349516 0.024271844660194174 0.043689320388349516 0.024271844660194174 0.0825242718446602 0.043689320388349516 0.043689320388349516 0.024271844660194174 
0.07024793388429752 0.0371900826446281 0.05371900826446281 0.045454545454545456 0.028925619834710745 0.028925619834710745 0.05371900826446281 0.028925619834710745 0.028925619834710745 0.0371900826446281 0.19421487603305784 0.0371900826446281 0.0371900826446281 0.07024793388429752 0.0371900826446281 0.028925619834710745 0.09504132231404959 0.0371900826446281 0.02066115702479339 0.028925619834710745 
0.028409090909090908 0.03977272727272727 0.028409090909090908 0.028409090909090908 0.028409090909090908 0.05113636363636364 0.028409090909090908 0.07386363636363637 0.0625 0.09659090909090909 0.16477272727272727 0.03977272727272727 0.05113636363636364 0.028409090909090908 0.03977272727272727 0.03977272727272727 0.07386363636363637 0.028409090909090908 0.028409090909090908 0.03977272727272727 
0.026515151515151516 0.04924242424242424 0.026515151515151516 0.026515151515151516 0.026515151515151516 0.03409090909090909 0.026515151515151516 0.041666666666666664 0.03409090909090909 0.125 0.20833333333333334 0.056818181818181816 0.041666666666666664 0.03409090909090909 0.03409090909090909 0.04924242424242424 0.04924242424242424 0.03409090909090909 0.056818181818181816 0.01893939393939394 
0.049019607843137254 0.029411764705882353 0.049019607843137254 0.029411764705882353 0.03594771241830065 0.02287581699346405 0.02287581699346405 0.016339869281045753 0.029411764705882353 0.08823529411764706 0.17973856209150327 0.11437908496732026 0.02287581699346405 0.06862745098039216 0.02287581699346405 0.05555555555555555 0.06862745098039216 0.042483660130718956 0.029411764705882353 0.02287581699346405 
0.022935779816513763 0.04128440366972477 0.05045871559633028 0.05045871559633028 0.05963302752293578 0.022935779816513763 0.03211009174311927 0.022935779816513763 0.03211009174311927 0.06880733944954129 0.16055045871559634 0.04128440366972477 0.022935779816513763 0.03211009174311927 0.10550458715596331 0.05963302752293578 0.05045871559633028 0.04128440366972477 0.05045871559633028 0.03211009174311927 
0.04639175257731959 0.04639175257731959 0.07731958762886598 0.03608247422680412 0.04639175257731959 0.02577319587628866 0.02577319587628866 0.02577319587628866 0.02577319587628866 0.02577319587628866 0.17010309278350516 0.04639175257731959 0.04639175257731959 0.02577319587628866 0.08762886597938144 0.02577319587628866 0.07731958762886598 0.05670103092783505 0.02577319587628866 0.05670103092783505 
0.024752475247524754 0.034653465346534656 0.024752475247524754 0.024752475247524754 0.024752475247524754 0.034653465346534656 0.04455445544554455 0.06435643564356436 0.054455445544554455 0.06435643564356436 0.2524752475247525 0.04455445544554455 0.024752475247524754 0.024752475247524754 0.034653465346534656 0.06435643564356436 0.034653465346534656 0.06435643564356436 0.034653465346534656 0.024752475247524754 
0.035211267605633804 0.035211267605633804 0.035211267605633804 0.035211267605633804 0.035211267605633804 0.035211267605633804 0.04929577464788732 0.035211267605633804 0.035211267605633804 0.04929577464788732 0.2746478873239437 0.035211267605633804 0.035211267605633804 0.035211267605633804 0.035211267605633804 0.035211267605633804 0.06338028169014084 0.035211267605633804 0.035211267605633804 0.035211267605633804 
0.05 0.03571428571428571 0.03571428571428571 0.05 0.03571428571428571 0.05 0.03571428571428571 0.03571428571428571 0.05 0.05 0.1357142857142857 0.03571428571428571 0.06428571428571428 0.05 0.03571428571428571 0.03571428571428571 0.03571428571428571 0.06428571428571428 0.07857142857142857 0.03571428571428571 
0.03571428571428571 0.025510204081632654 0.04591836734693878 0.04591836734693878 0.03571428571428571 0.03571428571428571 0.04591836734693878 0.03571428571428571 0.04591836734693878 0.08673469387755102 0.14795918367346939 0.03571428571428571 0.03571428571428571 0.07653061224489796 0.025510204081632654 0.05612244897959184 0.09693877551020408 0.03571428571428571 0.025510204081632654 0.025510204081632654 
0.0752212389380531 0.030973451327433628 0.06637168141592921 0.03982300884955752 0.030973451327433628 0.03982300884955752 0.030973451327433628 0.022123893805309734 0.03982300884955752 0.030973451327433628 0.2079646017699115 0.048672566371681415 0.030973451327433628 0.06637168141592921 0.022123893805309734 0.048672566371681415 0.05752212389380531 0.03982300884955752 0.03982300884955752 0.030973451327433628 
0.019083969465648856 0.019083969465648856 0.14122137404580154 0.026717557251908396 0.03435114503816794 0.04961832061068702 0.026717557251908396 0.03435114503816794 0.026717557251908396 0.019083969465648856 0.21755725190839695 0.13358778625954199 0.04961832061068702 0.04198473282442748 0.026717557251908396 0.026717557251908396 0.026717557251908396 0.019083969465648856 0.04198473282442748 0.019083969465648856 
0.04263565891472868 0.01937984496124031 0.04263565891472868 0.027131782945736434 0.01937984496124031 0.07364341085271318 0.027131782945736434 0.08914728682170543 0.03488372093023256 0.027131782945736434 0.26744186046511625 0.04263565891472868 0.027131782945736434 0.050387596899224806 0.027131782945736434 0.027131782945736434 0.027131782945736434 0.05813953488372093 0.050387596899224806 0.01937984496124031 
0.024752475247524754 0.054455445544554455 0.06435643564356436 0.034653465346534656 0.04455445544554455 0.04455445544554455 0.024752475247524754 0.06435643564356436 0.04455445544554455 0.034653465346534656 0.17326732673267325 0.054455445544554455 0.04455445544554455 0.024752475247524754 0.04455445544554455 0.034653465346534656 0.054455445544554455 0.024752475247524754 0.06435643564356436 0.04455445544554455 
0.036885245901639344 0.028688524590163935 0.045081967213114756 0.0942622950819672 0.045081967213114756 0.028688524590163935 0.045081967213114756 0.045081967213114756 0.06147540983606557 0.045081967213114756 0.2336065573770492 0.028688524590163935 0.028688524590163935 0.028688524590163935 0.020491803278688523 0.036885245901639344 0.028688524590163935 0.028688524590163935 0.05327868852459016 0.036885245901639344 
