0.03461538461538462 0.03461538461538462 0.03461538461538462 0.07307692307692308 0.03461538461538462 0.04230769230769231 0.057692307692307696 0.04230769230769231 0.019230769230769232 0.04230769230769231 0.18076923076923077 0.03461538461538462 0.10384615384615385 0.026923076923076925 0.019230769230769232 0.057692307692307696 0.019230769230769232 0.026923076923076925 0.08076923076923077 0.03461538461538462 
0.046218487394957986 0.029411764705882353 0.08823529411764706 0.046218487394957986 0.037815126050420166 0.029411764705882353 0.0546218487394958 0.037815126050420166 0.029411764705882353 0.09663865546218488 0.06302521008403361 0.029411764705882353 0.07142857142857142 0.029411764705882353 0.029411764705882353 0.09663865546218488 0.0546218487394958 0.046218487394957986 0.046218487394957986 0.037815126050420166 
0.05045871559633028 0.0871559633027523 0.11467889908256881 0.05045871559633028 0.022935779816513763 0.03211009174311927 0.06880733944954129 0.05045871559633028 0.022935779816513763 0.04128440366972477 0.0779816513761468 0.022935779816513763 0.0779816513761468 0.04128440366972477 0.022935779816513763 0.04128440366972477 0.05963302752293578 0.05963302752293578 0.03211009174311927 0.022935779816513763 
0.08173076923076923 0.052884615384615384 0.04326923076923077 0.04326923076923077 0.02403846153846154 0.03365384615384615 0.052884615384615384 0.04326923076923077 0.02403846153846154 0.03365384615384615 0.10096153846153846 0.04326923076923077 0.13942307692307693 0.02403846153846154 0.04326923076923077 0.052884615384615384 0.052884615384615384 0.03365384615384615 0.03365384615384615 0.04326923076923077 
0.06018518518518518 0.032407407407407406 0.06018518518518518 0.05092592592592592 0.041666666666666664 0.06018518518518518 0.05092592592592592 0.05092592592592592 0.032407407407407406 0.06018518518518518 0.06018518518518518 0.05092592592592592 0.05092592592592592 0.05092592592592592 0.023148148148148147 0.09722222222222222 0.0787037037037037 0.023148148148148147 0.041666666666666664 0.023148148148148147 
0.08762886597938144 0.04639175257731959 0.05670103092783505 0.04639175257731959 0.03608247422680412 0.05670103092783505 0.03608247422680412 0.07731958762886598 0.03608247422680412 0.04639175257731959 0.02577319587628866 0.06701030927835051 0.03608247422680412 0.02577319587628866 0.02577319587628866 0.15979381443298968 0.03608247422680412 0.02577319587628866 0.04639175257731959 0.02577319587628866 
0.04411764705882353 0.10294117647058823 0.05392156862745098 0.07352941176470588 0.03431372549019608 0.05392156862745098 0.03431372549019608 0.03431372549019608 0.03431372549019608 0.024509803921568627 0.06372549019607843 0.05392156862745098 0.03431372549019608 0.04411764705882353 0.03431372549019608 0.12254901960784313 0.024509803921568627 0.03431372549019608 0.05392156862745098 0.04411764705882353 
0.02631578947368421 0.02631578947368421 0.02631578947368421 0.04736842105263158 0.03684210526315789 0.05789473684210526 0.03684210526315789 0.06842105263157895 0.02631578947368421 0.05789473684210526 0.18421052631578946 0.05789473684210526 0.05789473684210526 0.05789473684210526 0.03684210526315789 0.03684210526315789 0.03684210526315789 0.04736842105263158 0.04736842105263158 0.02631578947368421 
0.03365384615384615 0.04326923076923077 0.08173076923076923 0.02403846153846154 0.02403846153846154 0.02403846153846154 0.02403846153846154 0.02403846153846154 0.03365384615384615 0.08173076923076923 0.16826923076923078 0.03365384615384615 0.09134615384615384 0.052884615384615384 0.02403846153846154 0.04326923076923077 0.052884615384615384 0.052884615384615384 0.052884615384615384 0.03365384615384615 
0.04861111111111111 0.034722222222222224 0.0625 0.0625 0.04861111111111111 0.034722222222222224 0.034722222222222224 0.0625 0.034722222222222224 0.034722222222222224 0.13194444444444445 0.0625 0.034722222222222224 0.0625 0.034722222222222224 0.0625 0.034722222222222224 0.034722222222222224 0.04861111111111111 0.034722222222222224 
0.05782312925170068 0.030612244897959183 0.017006802721088437 0.07142857142857142 0.030612244897959183 0.030612244897959183 0.023809523809523808 0.07142857142857142 0.15306122448979592 0.09183673469387756 0.023809523809523808 0.017006802721088437 0.05102040816326531 0.030612244897959183 0.030612244897959183 0.06462585034013606 0.023809523809523808 0.08503401360544217 0.04421768707482993 0.05102040816326531 
0.051181102362204724 0.06692913385826772 0.01968503937007874 0.051181102362204724 0.027559055118110236 0.05905511811023622 0.027559055118110236 0.01968503937007874 0.08267716535433071 0.0984251968503937 0.04330708661417323 0.07480314960629922 0.027559055118110236 0.05905511811023622 0.01968503937007874 0.05905511811023622 0.027559055118110236 0.051181102362204724 0.04330708661417323 0.09055118110236221 
0.016666666666666666 0.10333333333333333 0.03 0.043333333333333335 0.016666666666666666 0.016666666666666666 0.043333333333333335 0.056666666666666664 0.08333333333333333 0.09666666666666666 0.03 0.056666666666666664 0.07 0.10333333333333333 0.023333333333333334 0.03666666666666667 0.07 0.043333333333333335 0.016666666666666666 0.043333333333333335 
0.016891891891891893 0.06418918918918919 0.04391891891891892 0.037162162162162164 0.02364864864864865 0.016891891891891893 0.016891891891891893 0.037162162162162164 0.09121621621621621 0.08445945945945946 0.08445945945945946 0.030405405405405407 0.10472972972972973 0.05067567567567568 0.030405405405405407 0.037162162162162164 0.07094594594594594 0.06418918918918919 0.06418918918918919 0.030405405405405407 
0.05701754385964912 0.039473684210526314 0.03070175438596491 0.05701754385964912 0.021929824561403508 0.021929824561403508 0.03070175438596491 0.06578947368421052 0.09210526315789473 0.12719298245614036 0.04824561403508772 0.021929824561403508 0.03070175438596491 0.021929824561403508 0.039473684210526314 0.04824561403508772 0.039473684210526314 0.08333333333333333 0.021929824561403508 0.10087719298245613 
0.03488372093023256 0.07364341085271318 0.07364341085271318 0.027131782945736434 0.01937984496124031 0.06589147286821706 0.027131782945736434 0.03488372093023256 0.07364341085271318 0.1434108527131783 0.04263565891472868 0.01937984496124031 0.08139534883720931 0.027131782945736434 0.050387596899224806 0.06589147286821706 0.050387596899224806 0.03488372093023256 0.01937984496124031 0.03488372093023256 
0.03684210526315789 0.06842105263157895 0.06842105263157895 0.02631578947368421 0.02631578947368421 0.07894736842105263 0.02631578947368421 0.06842105263157895 0.04736842105263158 0.04736842105263158 0.03684210526315789 0.02631578947368421 0.02631578947368421 0.05789473684210526 0.04736842105263158 0.12105263157894737 0.03684210526315789 0.07894736842105263 0.04736842105263158 0.02631578947368421 
0.029411764705882353 0.037815126050420166 0.07983193277310924 0.029411764705882353 0.02100840336134454 0.02100840336134454 0.029411764705882353 0.02100840336134454 0.0546218487394958 0.037815126050420166 0.0546218487394958 0.046218487394957986 0.02100840336134454 0.0546218487394958 0.07142857142857142 0.09663865546218488 0.15546218487394958 0.0546218487394958 0.0546218487394958 0.029411764705882353 
0.03982300884955752 0.030973451327433628 0.05752212389380531 0.030973451327433628 0.048672566371681415 0.05752212389380531 0.030973451327433628 0.048672566371681415 0.022123893805309734 0.03982300884955752 0.0752212389380531 0.03982300884955752 0.048672566371681415 0.0752212389380531 0.022123893805309734 0.12831858407079647 0.0752212389380531 0.022123893805309734 0.084070796460177 0.022123893805309734 
0.02287581699346405 0.042483660130718956 0.05555555555555555 0.08823529411764706 0.016339869281045753 0.21241830065359477 0.029411764705882353 0.029411764705882353 0.016339869281045753 0.029411764705882353 0.02287581699346405 0.06862745098039216 0.042483660130718956 0.029411764705882353 0.06209150326797386 0.09477124183006536 0.07516339869281045 0.02287581699346405 0.016339869281045753 0.02287581699346405 
0.017006802721088437 0.0782312925170068 0.017006802721088437 0.07142857142857142 0.03741496598639456 0.20068027210884354 0.03741496598639456 0.03741496598639456 0.030612244897959183 0.017006802721088437 0.030612244897959183 0.017006802721088437 0.05102040816326531 0.03741496598639456 0.05782312925170068 0.12585034013605442 0.04421768707482993 0.017006802721088437 0.05782312925170068 0.017006802721088437 
0.025139664804469275 0.06424581005586592 0.036312849162011177 0.08100558659217877 0.030726256983240222 0.19832402234636873 0.06424581005586592 0.025139664804469275 0.019553072625698324 0.030726256983240222 0.04189944134078212 0.030726256983240222 0.019553072625698324 0.07541899441340782 0.05307262569832402 0.10335195530726257 0.030726256983240222 0.019553072625698324 0.025139664804469275 0.025139664804469275 
0.020833333333333332 0.06845238095238096 0.10416666666666667 0.0625 0.026785714285714284 0.18154761904761904 0.026785714285714284 0.026785714285714284 0.01488095238095238 0.03869047619047619 0.03273809523809524 0.0744047619047619 0.026785714285714284 0.05654761904761905 0.044642857142857144 0.11011904761904762 0.01488095238095238 0.01488095238095238 0.03869047619047619 0.01488095238095238 
0.036 0.044 0.06 0.06 0.028 0.204 0.028 0.028 0.02 0.028 0.036 0.02 0.044 0.028 0.076 0.1 0.06 0.036 0.02 0.044 
0.02734375 0.03515625 0.10546875 0.09765625 0.01953125 0.13671875 0.02734375 0.02734375 0.01953125 0.01953125 0.02734375 0.02734375 0.04296875 0.03515625 0.13671875 0.08984375 0.04296875 0.03515625 0.01953125 0.02734375 
0.04824561403508772 0.03070175438596491 0.021929824561403508 0.14473684210526316 0.03070175438596491 0.04824561403508772 0.021929824561403508 0.03070175438596491 0.03070175438596491 0.039473684210526314 0.03070175438596491 0.03070175438596491 0.07456140350877193 0.07456140350877193 0.03070175438596491 0.15350877192982457 0.03070175438596491 0.039473684210526314 0.06578947368421052 0.021929824561403508 
0.03383458646616541 0.03383458646616541 0.041353383458646614 0.02631578947368421 0.018796992481203006 0.018796992481203006 0.041353383458646614 0.02631578947368421 0.03383458646616541 0.018796992481203006 0.07142857142857142 0.041353383458646614 0.09398496240601503 0.08646616541353383 0.03383458646616541 0.17669172932330826 0.11654135338345864 0.041353383458646614 0.02631578947368421 0.018796992481203006 
0.01953125 0.02734375 0.04296875 0.01953125 0.01953125 0.03515625 0.01953125 0.04296875 0.02734375 0.01953125 0.02734375 0.03515625 0.19921875 0.12109375 0.02734375 0.16796875 0.03515625 0.02734375 0.04296875 0.04296875 
0.031818181818181815 0.031818181818181815 0.022727272727272728 0.022727272727272728 0.05 0.06818181818181818 0.031818181818181815 0.05 0.04090909090909091 0.031818181818181815 0.022727272727272728 0.031818181818181815 0.07727272727272727 0.06818181818181818 0.04090909090909091 0.2590909090909091 0.04090909090909091 0.031818181818181815 0.022727272727272728 0.022727272727272728 
0.04245283018867924 0.02358490566037736 0.09905660377358491 0.02358490566037736 0.02358490566037736 0.09905660377358491 0.0330188679245283 0.0330188679245283 0.0330188679245283 0.02358490566037736 0.02358490566037736 0.0330188679245283 0.0330188679245283 0.02358490566037736 0.0330188679245283 0.25 0.05188679245283019 0.04245283018867924 0.02358490566037736 0.05188679245283019 
0.023809523809523808 0.03741496598639456 0.04421768707482993 0.030612244897959183 0.017006802721088437 0.0782312925170068 0.017006802721088437 0.05782312925170068 0.023809523809523808 0.030612244897959183 0.04421768707482993 0.14625850340136054 0.08503401360544217 0.06462585034013606 0.030612244897959183 0.1598639455782313 0.030612244897959183 0.023809523809523808 0.03741496598639456 0.017006802721088437 
0.03535353535353535 0.06565656565656566 0.03535353535353535 0.03535353535353535 0.03535353535353535 0.09595959595959595 0.025252525252525252 0.045454545454545456 0.025252525252525252 0.05555555555555555 0.03535353535353535 0.025252525252525252 0.025252525252525252 0.045454545454545456 0.025252525252525252 0.21717171717171718 0.05555555555555555 0.045454545454545456 0.03535353535353535 0.03535353535353535 
0.026041666666666668 0.06770833333333333 0.057291666666666664 0.026041666666666668 0.026041666666666668 0.08854166666666667 0.026041666666666668 0.046875 0.036458333333333336 0.057291666666666664 0.026041666666666668 0.078125 0.046875 0.036458333333333336 0.026041666666666668 0.18229166666666666 0.036458333333333336 0.046875 0.036458333333333336 0.026041666666666668 
0.029166666666666667 0.0375 0.05416666666666667 0.020833333333333332 0.029166666666666667 0.07083333333333333 0.0375 0.020833333333333332 0.029166666666666667 0.0625 0.0375 0.0625 0.0375 0.05416666666666667 0.0375 0.22916666666666666 0.05416666666666667 0.020833333333333332 0.04583333333333333 0.029166666666666667 
0.023972602739726026 0.030821917808219176 0.03767123287671233 0.04452054794520548 0.030821917808219176 0.07876712328767123 0.023972602739726026 0.023972602739726026 0.017123287671232876 0.04452054794520548 0.05821917808219178 0.030821917808219176 0.07191780821917808 0.030821917808219176 0.023972602739726026 0.25 0.05136986301369863 0.030821917808219176 0.07191780821917808 0.023972602739726026 
0.03153153153153153 0.02252252252252252 0.05855855855855856 0.03153153153153153 0.03153153153153153 0.0945945945945946 0.02252252252252252 0.05855855855855856 0.02252252252252252 0.03153153153153153 0.11261261261261261 0.06756756756756757 0.03153153153153153 0.04054054054054054 0.02252252252252252 0.17567567567567569 0.03153153153153153 0.04054054054054054 0.04954954954954955 0.02252252252252252 
0.06343283582089553 0.018656716417910446 0.033582089552238806 0.041044776119402986 0.026119402985074626 0.06343283582089553 0.018656716417910446 0.041044776119402986 0.018656716417910446 0.033582089552238806 0.12313432835820895 0.10074626865671642 0.026119402985074626 0.033582089552238806 0.026119402985074626 0.16791044776119404 0.048507462686567165 0.048507462686567165 0.048507462686567165 0.018656716417910446 
0.03608247422680412 0.02577319587628866 0.02577319587628866 0.02577319587628866 0.02577319587628866 0.08762886597938144 0.03608247422680412 0.03608247422680412 0.04639175257731959 0.03608247422680412 0.17010309278350516 0.05670103092783505 0.04639175257731959 0.04639175257731959 0.03608247422680412 0.13917525773195877 0.03608247422680412 0.02577319587628866 0.03608247422680412 0.02577319587628866 
0.0330188679245283 0.0330188679245283 0.06132075471698113 0.0330188679245283 0.02358490566037736 0.08018867924528301 0.02358490566037736 0.05188679245283019 0.02358490566037736 0.02358490566037736 0.08018867924528301 0.07075471698113207 0.04245283018867924 0.0330188679245283 0.02358490566037736 0.21226415094339623 0.04245283018867924 0.0330188679245283 0.05188679245283019 0.02358490566037736 
0.051181102362204724 0.04330708661417323 0.03543307086614173 0.04330708661417323 0.01968503937007874 0.07480314960629922 0.04330708661417323 0.04330708661417323 0.01968503937007874 0.03543307086614173 0.1141732283464567 0.07480314960629922 0.01968503937007874 0.03543307086614173 0.01968503937007874 0.19291338582677164 0.027559055118110236 0.027559055118110236 0.05905511811023622 0.01968503937007874 
0.05092592592592592 0.023148148148148147 0.032407407407407406 0.023148148148148147 0.023148148148148147 0.0787037037037037 0.023148148148148147 0.032407407407407406 0.041666666666666664 0.032407407407407406 0.24537037037037038 0.041666666666666664 0.023148148148148147 0.032407407407407406 0.06944444444444445 0.023148148148148147 0.06944444444444445 0.06944444444444445 0.041666666666666664 0.023148148148148147 
0.03169014084507042 0.045774647887323945 0.017605633802816902 0.03169014084507042 0.03169014084507042 0.07394366197183098 0.0528169014084507 0.02464788732394366 0.02464788732394366 0.06690140845070422 0.30633802816901406 0.045774647887323945 0.03873239436619718 0.017605633802816902 0.0528169014084507 0.017605633802816902 0.02464788732394366 0.03169014084507042 0.03873239436619718 0.02464788732394366 
0.02717391304347826 0.04891304347826087 0.03804347826086957 0.02717391304347826 0.04891304347826087 0.08152173913043478 0.02717391304347826 0.02717391304347826 0.03804347826086957 0.08152173913043478 0.266304347826087 0.02717391304347826 0.02717391304347826 0.02717391304347826 0.04891304347826087 0.03804347826086957 0.02717391304347826 0.02717391304347826 0.02717391304347826 0.03804347826086957 
0.02336448598130841 0.03271028037383177 0.04205607476635514 0.09813084112149532 0.03271028037383177 0.08878504672897196 0.02336448598130841 0.02336448598130841 0.11682242990654206 0.07009345794392523 0.0794392523364486 0.03271028037383177 0.03271028037383177 0.0514018691588785 0.03271028037383177 0.0514018691588785 0.04205607476635514 0.07009345794392523 0.03271028037383177 0.02336448598130841 
0.027472527472527472 0.1043956043956044 0.06043956043956044 0.027472527472527472 0.038461538461538464 0.08241758241758242 0.027472527472527472 0.038461538461538464 0.12637362637362637 0.027472527472527472 0.08241758241758242 0.038461538461538464 0.038461538461538464 0.038461538461538464 0.027472527472527472 0.04945054945054945 0.027472527472527472 0.08241758241758242 0.027472527472527472 0.027472527472527472 
0.02032520325203252 0.028455284552845527 0.028455284552845527 0.02032520325203252 0.036585365853658534 0.052845528455284556 0.044715447154471545 0.02032520325203252 0.15040650406504066 0.07723577235772358 0.12601626016260162 0.028455284552845527 0.052845528455284556 0.052845528455284556 0.036585365853658534 0.07723577235772358 0.036585365853658534 0.052845528455284556 0.028455284552845527 0.028455284552845527 
0.028735632183908046 0.040229885057471264 0.05172413793103448 0.028735632183908046 0.028735632183908046 0.05172413793103448 0.040229885057471264 0.028735632183908046 0.040229885057471264 0.05172413793103448 0.16666666666666666 0.028735632183908046 0.09770114942528736 0.040229885057471264 0.040229885057471264 0.028735632183908046 0.040229885057471264 0.040229885057471264 0.08620689655172414 0.040229885057471264 
0.05232558139534884 0.05232558139534884 0.029069767441860465 0.029069767441860465 0.05232558139534884 0.05232558139534884 0.029069767441860465 0.029069767441860465 0.05232558139534884 0.040697674418604654 0.11046511627906977 0.040697674418604654 0.05232558139534884 0.05232558139534884 0.029069767441860465 0.040697674418604654 0.06395348837209303 0.05232558139534884 0.0872093023255814 0.05232558139534884 
0.05223880597014925 0.06716417910447761 0.03731343283582089 0.05223880597014925 0.03731343283582089 0.03731343283582089 0.05223880597014925 0.03731343283582089 0.03731343283582089 0.05223880597014925 0.12686567164179105 0.03731343283582089 0.05223880597014925 0.03731343283582089 0.03731343283582089 0.03731343283582089 0.03731343283582089 0.03731343283582089 0.09701492537313433 0.03731343283582089 
0.029069767441860465 0.029069767441860465 0.040697674418604654 0.029069767441860465 0.0872093023255814 0.040697674418604654 0.029069767441860465 0.029069767441860465 0.040697674418604654 0.0872093023255814 0.13372093023255813 0.05232558139534884 0.029069767441860465 0.05232558139534884 0.029069767441860465 0.05232558139534884 0.029069767441860465 0.05232558139534884 0.09883720930232558 0.029069767441860465 
0.03535353535353535 0.025252525252525252 0.025252525252525252 0.025252525252525252 0.03535353535353535 0.025252525252525252 0.045454545454545456 0.05555555555555555 0.03535353535353535 0.05555555555555555 0.2777777777777778 0.025252525252525252 0.03535353535353535 0.025252525252525252 0.025252525252525252 0.05555555555555555 0.045454545454545456 0.045454545454545456 0.07575757575757576 0.025252525252525252 
0.07421875 0.05078125 0.03515625 0.05078125 0.02734375 0.03515625 0.03515625 0.03515625 0.05859375 0.03515625 0.28515625 0.03515625 0.01953125 0.03515625 0.01953125 0.04296875 0.03515625 0.02734375 0.04296875 0.01953125 
0.028 0.02 0.052 0.028 0.02 0.052 0.02 0.036 0.052 0.044 0.204 0.068 0.028 0.044 0.028 0.02 0.148 0.028 0.06 0.02 
0.045454545454545456 0.025252525252525252 0.06565656565656566 0.05555555555555555 0.025252525252525252 0.11616161616161616 0.025252525252525252 0.03535353535353535 0.025252525252525252 0.03535353535353535 0.16666666666666666 0.025252525252525252 0.025252525252525252 0.07575757575757576 0.045454545454545456 0.025252525252525252 0.045454545454545456 0.025252525252525252 0.08585858585858586 0.025252525252525252 
0.06372549019607843 0.03431372549019608 0.07352941176470588 0.05392156862745098 0.024509803921568627 0.10294117647058823 0.024509803921568627 0.03431372549019608 0.024509803921568627 0.07352941176470588 0.16176470588235295 0.05392156862745098 0.03431372549019608 0.024509803921568627 0.024509803921568627 0.04411764705882353 0.04411764705882353 0.04411764705882353 0.03431372549019608 0.024509803921568627 
0.045454545454545456 0.025252525252525252 0.045454545454545456 0.03535353535353535 0.045454545454545456 0.045454545454545456 0.03535353535353535 0.025252525252525252 0.03535353535353535 0.025252525252525252 0.14646464646464646 0.03535353535353535 0.06565656565656566 0.11616161616161616 0.025252525252525252 0.025252525252525252 0.08585858585858586 0.06565656565656566 0.045454545454545456 0.025252525252525252 
0.031914893617021274 0.01773049645390071 0.01773049645390071 0.031914893617021274 0.024822695035460994 0.031914893617021274 0.03900709219858156 0.04609929078014184 0.01773049645390071 0.0673758865248227 0.33687943262411346 0.024822695035460994 0.031914893617021274 0.07446808510638298 0.01773049645390071 0.01773049645390071 0.04609929078014184 0.031914893617021274 0.031914893617021274 0.06028368794326241 
0.04482758620689655 0.03103448275862069 0.03793103448275862 0.017241379310344827 0.03793103448275862 0.04482758620689655 0.03103448275862069 0.02413793103448276 0.03103448275862069 0.10689655172413794 0.23793103448275862 0.017241379310344827 0.03103448275862069 0.03793103448275862 0.05862068965517241 0.02413793103448276 0.07241379310344828 0.03793103448275862 0.05862068965517241 0.017241379310344827 
0.03333333333333333 0.03333333333333333 0.03333333333333333 0.03333333333333333 0.04666666666666667 0.03333333333333333 0.03333333333333333 0.03333333333333333 0.03333333333333333 0.04666666666666667 0.06 0.14 0.03333333333333333 0.08666666666666667 0.03333333333333333 0.04666666666666667 0.1 0.04666666666666667 0.06 0.03333333333333333 
0.025547445255474453 0.06934306569343066 0.05474452554744526 0.01824817518248175 0.032846715328467155 0.025547445255474453 0.01824817518248175 0.025547445255474453 0.01824817518248175 0.01824817518248175 0.06204379562043796 0.17153284671532848 0.025547445255474453 0.06934306569343066 0.06204379562043796 0.08394160583941605 0.040145985401459854 0.09124087591240876 0.06934306569343066 0.01824817518248175 
0.028089887640449437 0.03932584269662921 0.028089887640449437 0.028089887640449437 0.028089887640449437 0.06179775280898876 0.06179775280898876 0.06179775280898876 0.06179775280898876 0.05056179775280899 0.09550561797752809 0.05056179775280899 0.028089887640449437 0.06179775280898876 0.06179775280898876 0.05056179775280899 0.028089887640449437 0.028089887640449437 0.11797752808988764 0.028089887640449437 
0.03723404255319149 0.026595744680851064 0.0797872340425532 0.026595744680851064 0.06914893617021277 0.09042553191489362 0.047872340425531915 0.03723404255319149 0.026595744680851064 0.05851063829787234 0.0797872340425532 0.026595744680851064 0.09042553191489362 0.047872340425531915 0.026595744680851064 0.026595744680851064 0.0797872340425532 0.026595744680851064 0.06914893617021277 0.026595744680851064 
0.03409090909090909 0.056818181818181816 0.041666666666666664 0.026515151515151516 0.041666666666666664 0.13257575757575757 0.041666666666666664 0.01893939393939394 0.026515151515151516 0.0946969696969697 0.026515151515151516 0.04924242424242424 0.10984848484848485 0.0946969696969697 0.041666666666666664 0.026515151515151516 0.04924242424242424 0.041666666666666664 0.026515151515151516 0.01893939393939394 
0.033582089552238806 0.018656716417910446 0.0708955223880597 0.026119402985074626 0.018656716417910446 0.033582089552238806 0.10074626865671642 0.026119402985074626 0.018656716417910446 0.055970149253731345 0.026119402985074626 0.055970149253731345 0.11567164179104478 0.055970149253731345 0.048507462686567165 0.041044776119402986 0.10820895522388059 0.048507462686567165 0.07835820895522388 0.018656716417910446 
0.04487179487179487 0.22435897435897437 0.057692307692307696 0.03205128205128205 0.04487179487179487 0.04487179487179487 0.03205128205128205 0.03205128205128205 0.057692307692307696 0.03205128205128205 0.04487179487179487 0.03205128205128205 0.03205128205128205 0.03205128205128205 0.03205128205128205 0.057692307692307696 0.03205128205128205 0.03205128205128205 0.04487179487179487 0.057692307692307696 
0.029914529914529916 0.21794871794871795 0.038461538461538464 0.021367521367521368 0.07264957264957266 0.021367521367521368 0.021367521367521368 0.029914529914529916 0.029914529914529916 0.021367521367521368 0.04700854700854701 0.05555555555555555 0.04700854700854701 0.038461538461538464 0.04700854700854701 0.07264957264957266 0.0811965811965812 0.038461538461538464 0.029914529914529916 0.038461538461538464 
0.045081967213114756 0.2827868852459016 0.05327868852459016 0.05327868852459016 0.028688524590163935 0.028688524590163935 0.036885245901639344 0.028688524590163935 0.028688524590163935 0.045081967213114756 0.045081967213114756 0.06967213114754098 0.036885245901639344 0.020491803278688523 0.020491803278688523 0.028688524590163935 0.020491803278688523 0.036885245901639344 0.06967213114754098 0.020491803278688523 
0.05752212389380531 0.28761061946902655 0.030973451327433628 0.030973451327433628 0.048672566371681415 0.05752212389380531 0.030973451327433628 0.022123893805309734 0.022123893805309734 0.022123893805309734 0.030973451327433628 0.030973451327433628 0.048672566371681415 0.05752212389380531 0.030973451327433628 0.03982300884955752 0.03982300884955752 0.05752212389380531 0.022123893805309734 0.030973451327433628 
0.04198473282442748 0.2480916030534351 0.03435114503816794 0.03435114503816794 0.026717557251908396 0.03435114503816794 0.07251908396946564 0.019083969465648856 0.026717557251908396 0.026717557251908396 0.026717557251908396 0.04961832061068702 0.07251908396946564 0.026717557251908396 0.04198473282442748 0.05725190839694656 0.05725190839694656 0.019083969465648856 0.03435114503816794 0.04961832061068702 
0.045454545454545456 0.22727272727272727 0.032467532467532464 0.032467532467532464 0.045454545454545456 0.032467532467532464 0.05844155844155844 0.045454545454545456 0.032467532467532464 0.032467532467532464 0.032467532467532464 0.032467532467532464 0.045454545454545456 0.05844155844155844 0.032467532467532464 0.07142857142857142 0.045454545454545456 0.032467532467532464 0.032467532467532464 0.032467532467532464 
0.02734375 0.19140625 0.05859375 0.01953125 0.03515625 0.01953125 0.01953125 0.03515625 0.03515625 0.02734375 0.02734375 0.08203125 0.04296875 0.05078125 0.01953125 0.05859375 0.12890625 0.01953125 0.06640625 0.03515625 
0.019230769230769232 0.019230769230769232 0.026923076923076925 0.05 0.026923076923076925 0.1346153846153846 0.23461538461538461 0.026923076923076925 0.06538461538461539 0.026923076923076925 0.04230769230769231 0.05 0.019230769230769232 0.06538461538461539 0.026923076923076925 0.057692307692307696 0.026923076923076925 0.026923076923076925 0.03461538461538462 0.019230769230769232 
0.02577319587628866 0.02577319587628866 0.03608247422680412 0.03608247422680412 0.02577319587628866 0.11855670103092783 0.22164948453608246 0.04639175257731959 0.02577319587628866 0.03608247422680412 0.02577319587628866 0.05670103092783505 0.03608247422680412 0.03608247422680412 0.02577319587628866 0.04639175257731959 0.05670103092783505 0.02577319587628866 0.06701030927835051 0.02577319587628866 
0.023972602739726026 0.017123287671232876 0.05821917808219178 0.023972602739726026 0.017123287671232876 0.08561643835616438 0.1952054794520548 0.03767123287671233 0.030821917808219176 0.03767123287671233 0.07876712328767123 0.03767123287671233 0.04452054794520548 0.030821917808219176 0.06506849315068493 0.05821917808219178 0.06506849315068493 0.05136986301369863 0.023972602739726026 0.017123287671232876 
0.043689320388349516 0.024271844660194174 0.024271844660194174 0.03398058252427184 0.043689320388349516 0.05339805825242718 0.0825242718446602 0.024271844660194174 0.03398058252427184 0.05339805825242718 0.1796116504854369 0.05339805825242718 0.024271844660194174 0.07281553398058252 0.05339805825242718 0.03398058252427184 0.05339805825242718 0.043689320388349516 0.043689320388349516 0.024271844660194174 
0.028409090909090908 0.028409090909090908 0.05113636363636364 0.03977272727272727 0.028409090909090908 0.05113636363636364 0.05113636363636364 0.028409090909090908 0.05113636363636364 0.05113636363636364 0.23295454545454544 0.05113636363636364 0.05113636363636364 0.03977272727272727 0.028409090909090908 0.028409090909090908 0.05113636363636364 0.028409090909090908 0.03977272727272727 0.03977272727272727 
0.019083969465648856 0.019083969465648856 0.026717557251908396 0.03435114503816794 0.04198473282442748 0.1183206106870229 0.04961832061068702 0.019083969465648856 0.026717557251908396 0.04198473282442748 0.24045801526717558 0.0648854961832061 0.03435114503816794 0.0648854961832061 0.019083969465648856 0.03435114503816794 0.03435114503816794 0.026717557251908396 0.05725190839694656 0.026717557251908396 
0.025547445255474453 0.025547445255474453 0.040145985401459854 0.040145985401459854 0.01824817518248175 0.06204379562043796 0.04744525547445255 0.040145985401459854 0.01824817518248175 0.09124087591240876 0.24452554744525548 0.06204379562043796 0.01824817518248175 0.05474452554744526 0.025547445255474453 0.032846715328467155 0.06934306569343066 0.040145985401459854 0.025547445255474453 0.01824817518248175 
0.03271028037383177 0.03271028037383177 0.02336448598130841 0.04205607476635514 0.03271028037383177 0.04205607476635514 0.03271028037383177 0.04205607476635514 0.02336448598130841 0.04205607476635514 0.16355140186915887 0.0514018691588785 0.04205607476635514 0.0514018691588785 0.0514018691588785 0.02336448598130841 0.13551401869158877 0.0794392523364486 0.02336448598130841 0.03271028037383177 
0.02252252252252252 0.02252252252252252 0.05855855855855856 0.02252252252252252 0.04054054054054054 0.02252252252252252 0.04054054054054054 0.08558558558558559 0.04054054054054054 0.04054054054054054 0.20270270270270271 0.07657657657657657 0.02252252252252252 0.03153153153153153 0.02252252252252252 0.02252252252252252 0.1036036036036036 0.06756756756756757 0.03153153153153153 0.02252252252252252 
0.052 0.044 0.02 0.036 0.028 0.052 0.02 0.076 0.02 0.052 0.172 0.044 0.044 0.092 0.044 0.02 0.092 0.052 0.02 0.02 
0.038461538461538464 0.038461538461538464 0.038461538461538464 0.027472527472527472 0.038461538461538464 0.09340659340659341 0.038461538461538464 0.04945054945054945 0.027472527472527472 0.027472527472527472 0.19230769230769232 0.07142857142857142 0.027472527472527472 0.06043956043956044 0.038461538461538464 0.027472527472527472 0.06043956043956044 0.038461538461538464 0.027472527472527472 0.038461538461538464 
0.04642857142857143 0.05357142857142857 0.025 0.04642857142857143 0.03214285714285714 0.06785714285714285 0.03214285714285714 0.025 0.025 0.039285714285714285 0.21071428571428572 0.08214285714285714 0.03214285714285714 0.017857142857142856 0.017857142857142856 0.03214285714285714 0.10357142857142858 0.03214285714285714 0.03214285714285714 0.04642857142857143 
0.037815126050420166 0.07142857142857142 0.06302521008403361 0.046218487394957986 0.06302521008403361 0.08823529411764706 0.02100840336134454 0.029411764705882353 0.029411764705882353 0.029411764705882353 0.23109243697478993 0.07142857142857142 0.02100840336134454 0.02100840336134454 0.02100840336134454 0.029411764705882353 0.0546218487394958 0.029411764705882353 0.02100840336134454 0.02100840336134454 
0.02348993288590604 0.09060402684563758 0.05704697986577181 0.06375838926174497 0.030201342281879196 0.06375838926174497 0.02348993288590604 0.02348993288590604 0.016778523489932886 0.030201342281879196 0.17785234899328858 0.030201342281879196 0.02348993288590604 0.016778523489932886 0.030201342281879196 0.030201342281879196 0.1040268456375839 0.06375838926174497 0.06375838926174497 0.03691275167785235 
0.04591836734693878 0.04591836734693878 0.05612244897959184 0.03571428571428571 0.025510204081632654 0.10714285714285714 0.025510204081632654 0.04591836734693878 0.025510204081632654 0.0663265306122449 0.15816326530612246 0.04591836734693878 0.03571428571428571 0.03571428571428571 0.03571428571428571 0.03571428571428571 0.03571428571428571 0.025510204081632654 0.07653061224489796 0.03571428571428571 
0.04245283018867924 0.02358490566037736 0.0330188679245283 0.05188679245283019 0.07075471698113207 0.0330188679245283 0.04245283018867924 0.0330188679245283 0.0330188679245283 0.08018867924528301 0.12735849056603774 0.0330188679245283 0.08962264150943396 0.04245283018867924 0.04245283018867924 0.05188679245283019 0.06132075471698113 0.04245283018867924 0.04245283018867924 0.02358490566037736 
0.03398058252427184 0.024271844660194174 0.024271844660194174 0.024271844660194174 0.11165048543689321 0.03398058252427184 0.043689320388349516 0.03398058252427184 0.0825242718446602 0.043689320388349516 0.18932038834951456 0.024271844660194174 0.024271844660194174 0.05339805825242718 0.06310679611650485 0.03398058252427184 0.03398058252427184 0.043689320388349516 0.043689320388349516 0.03398058252427184 
0.045454545454545456 0.0371900826446281 0.045454545454545456 0.0371900826446281 0.05371900826446281 0.06198347107438017 0.045454545454545456 0.028925619834710745 0.05371900826446281 0.028925619834710745 0.1446280991735537 0.06198347107438017 0.028925619834710745 0.028925619834710745 0.045454545454545456 0.0371900826446281 0.08677685950413223 0.07024793388429752 0.0371900826446281 0.02066115702479339 
0.09659090909090909 0.028409090909090908 0.028409090909090908 0.03977272727272727 0.03977272727272727 0.028409090909090908 0.05113636363636364 0.03977272727272727 0.0625 0.08522727272727272 0.1534090909090909 0.028409090909090908 0.03977272727272727 0.028409090909090908 0.07386363636363637 0.03977272727272727 0.028409090909090908 0.028409090909090908 0.05113636363636364 0.028409090909090908 
0.03409090909090909 0.041666666666666664 0.056818181818181816 0.03409090909090909 0.026515151515151516 0.026515151515151516 0.01893939393939394 0.041666666666666664 0.026515151515151516 0.11742424242424243 0.23863636363636365 0.026515151515151516 0.041666666666666664 0.041666666666666664 0.04924242424242424 0.03409090909090909 0.041666666666666664 0.056818181818181816 0.026515151515151516 0.01893939393939394 
0.029411764705882353 0.02287581699346405 0.029411764705882353 0.016339869281045753 0.03594771241830065 0.042483660130718956 0.029411764705882353 0.02287581699346405 0.02287581699346405 0.16666666666666666 0.16666666666666666 0.08823529411764706 0.03594771241830065 0.08169934640522876 0.02287581699346405 0.05555555555555555 0.042483660130718956 0.02287581699346405 0.03594771241830065 0.029411764705882353 
0.022935779816513763 0.04128440366972477 0.03211009174311927 0.04128440366972477 0.0871559633027523 0.04128440366972477 0.04128440366972477 0.0871559633027523 0.05045871559633028 0.03211009174311927 0.11467889908256881 0.022935779816513763 0.022935779816513763 0.022935779816513763 0.10550458715596331 0.04128440366972477 0.04128440366972477 0.05045871559633028 0.06880733944954129 0.03211009174311927 
0.02577319587628866 0.04639175257731959 0.07731958762886598 0.03608247422680412 0.04639175257731959 0.03608247422680412 0.02577319587628866 0.06701030927835051 0.05670103092783505 0.06701030927835051 0.0979381443298969 0.03608247422680412 0.03608247422680412 0.02577319587628866 0.02577319587628866 0.04639175257731959 0.13917525773195877 0.04639175257731959 0.03608247422680412 0.02577319587628866 
0.024752475247524754 0.034653465346534656 0.054455445544554455 0.034653465346534656 0.054455445544554455 0.024752475247524754 0.04455445544554455 0.024752475247524754 0.054455445544554455 0.09405940594059406 0.16336633663366337 0.034653465346534656 0.04455445544554455 0.034653465346534656 0.034653465346534656 0.07425742574257425 0.034653465346534656 0.07425742574257425 0.034653465346534656 0.024752475247524754 
0.035211267605633804 0.035211267605633804 0.035211267605633804 0.04929577464788732 0.035211267605633804 0.035211267605633804 0.04929577464788732 0.035211267605633804 0.035211267605633804 0.04929577464788732 0.2323943661971831 0.035211267605633804 0.035211267605633804 0.035211267605633804 0.035211267605633804 0.04929577464788732 0.06338028169014084 0.035211267605633804 0.04929577464788732 0.035211267605633804 
0.05 0.03571428571428571 0.03571428571428571 0.03571428571428571 0.03571428571428571 0.05 0.05 0.03571428571428571 0.05 0.03571428571428571 0.20714285714285716 0.03571428571428571 0.03571428571428571 0.05 0.03571428571428571 0.03571428571428571 0.03571428571428571 0.05 0.06428571428571428 0.03571428571428571 
0.07653061224489796 0.025510204081632654 0.0663265306122449 0.05612244897959184 0.025510204081632654 0.03571428571428571 0.03571428571428571 0.04591836734693878 0.04591836734693878 0.0663265306122449 0.1989795918367347 0.03571428571428571 0.03571428571428571 0.03571428571428571 0.025510204081632654 0.025510204081632654 0.03571428571428571 0.05612244897959184 0.03571428571428571 0.03571428571428571 
0.05752212389380531 0.030973451327433628 0.09292035398230089 0.030973451327433628 0.03982300884955752 0.022123893805309734 0.048672566371681415 0.030973451327433628 0.030973451327433628 0.03982300884955752 0.24336283185840707 0.05752212389380531 0.03982300884955752 0.022123893805309734 0.022123893805309734 0.030973451327433628 0.03982300884955752 0.03982300884955752 0.030973451327433628 0.048672566371681415 
0.019083969465648856 0.019083969465648856 0.11068702290076336 0.026717557251908396 0.026717557251908396 0.026717557251908396 0.04961832061068702 0.019083969465648856 0.03435114503816794 0.019083969465648856 0.2480916030534351 0.11068702290076336 0.04961832061068702 0.04961832061068702 0.04961832061068702 0.026717557251908396 0.019083969465648856 0.019083969465648856 0.03435114503816794 0.04198473282442748 
0.03488372093023256 0.027131782945736434 0.03488372093023256 0.01937984496124031 0.027131782945736434 0.08914728682170543 0.027131782945736434 0.05813953488372093 0.03488372093023256 0.01937984496124031 0.32945736434108525 0.04263565891472868 0.050387596899224806 0.03488372093023256 0.027131782945736434 0.027131782945736434 0.027131782945736434 0.01937984496124031 0.04263565891472868 0.027131782945736434 
0.024752475247524754 0.054455445544554455 0.04455445544554455 0.04455445544554455 0.06435643564356436 0.04455445544554455 0.024752475247524754 0.034653465346534656 0.024752475247524754 0.034653465346534656 0.24257425742574257 0.06435643564356436 0.04455445544554455 0.034653465346534656 0.034653465346534656 0.034653465346534656 0.024752475247524754 0.024752475247524754 0.07425742574257425 0.024752475247524754 
0.036885245901639344 0.036885245901639344 0.028688524590163935 0.0942622950819672 0.05327868852459016 0.028688524590163935 0.028688524590163935 0.036885245901639344 0.036885245901639344 0.05327868852459016 0.2581967213114754 0.028688524590163935 0.036885245901639344 0.036885245901639344 0.020491803278688523 0.05327868852459016 0.028688524590163935 0.028688524590163935 0.045081967213114756 0.028688524590163935 
