0.02403846153846154 0.03365384615384615 0.03365384615384615 0.0625 0.04326923076923077 0.03365384615384615 0.15865384615384615 0.02403846153846154 0.11057692307692307 0.04326923076923077 0.03365384615384615 0.02403846153846154 0.02403846153846154 0.04326923076923077 0.07211538461538461 0.02403846153846154 0.0625 0.07211538461538461 0.02403846153846154 0.052884615384615384 
0.036458333333333336 0.036458333333333336 0.026041666666666668 0.06770833333333333 0.036458333333333336 0.057291666666666664 0.16145833333333334 0.026041666666666668 0.08854166666666667 0.036458333333333336 0.036458333333333336 0.036458333333333336 0.06770833333333333 0.036458333333333336 0.057291666666666664 0.026041666666666668 0.036458333333333336 0.046875 0.036458333333333336 0.046875 
0.03431372549019608 0.024509803921568627 0.04411764705882353 0.04411764705882353 0.03431372549019608 0.04411764705882353 0.14215686274509803 0.024509803921568627 0.24019607843137256 0.05392156862745098 0.024509803921568627 0.024509803921568627 0.03431372549019608 0.024509803921568627 0.05392156862745098 0.05392156862745098 0.024509803921568627 0.024509803921568627 0.024509803921568627 0.024509803921568627 
0.040229885057471264 0.028735632183908046 0.028735632183908046 0.10919540229885058 0.040229885057471264 0.05172413793103448 0.09770114942528736 0.028735632183908046 0.09770114942528736 0.028735632183908046 0.028735632183908046 0.05172413793103448 0.028735632183908046 0.06321839080459771 0.040229885057471264 0.028735632183908046 0.040229885057471264 0.09770114942528736 0.028735632183908046 0.040229885057471264 
0.032407407407407406 0.023148148148148147 0.023148148148148147 0.041666666666666664 0.032407407407407406 0.023148148148148147 0.11574074074074074 0.023148148148148147 0.38425925925925924 0.041666666666666664 0.032407407407407406 0.023148148148148147 0.023148148148148147 0.023148148148148147 0.023148148148148147 0.032407407407407406 0.023148148148148147 0.023148148148148147 0.032407407407407406 0.023148148148148147 
0.042682926829268296 0.10365853658536585 0.042682926829268296 0.03048780487804878 0.03048780487804878 0.03048780487804878 0.03048780487804878 0.03048780487804878 0.21341463414634146 0.03048780487804878 0.042682926829268296 0.042682926829268296 0.03048780487804878 0.07926829268292683 0.03048780487804878 0.03048780487804878 0.03048780487804878 0.054878048780487805 0.042682926829268296 0.03048780487804878 
0.042682926829268296 0.054878048780487805 0.042682926829268296 0.03048780487804878 0.03048780487804878 0.042682926829268296 0.042682926829268296 0.03048780487804878 0.21341463414634146 0.03048780487804878 0.042682926829268296 0.03048780487804878 0.042682926829268296 0.054878048780487805 0.03048780487804878 0.03048780487804878 0.07926829268292683 0.042682926829268296 0.042682926829268296 0.042682926829268296 
0.024509803921568627 0.024509803921568627 0.024509803921568627 0.04411764705882353 0.024509803921568627 0.024509803921568627 0.19117647058823528 0.024509803921568627 0.2696078431372549 0.05392156862745098 0.024509803921568627 0.024509803921568627 0.05392156862745098 0.024509803921568627 0.03431372549019608 0.024509803921568627 0.024509803921568627 0.03431372549019608 0.024509803921568627 0.024509803921568627 
0.022321428571428572 0.03125 0.03125 0.03125 0.022321428571428572 0.03125 0.36160714285714285 0.04017857142857143 0.04017857142857143 0.05803571428571429 0.04017857142857143 0.03125 0.049107142857142856 0.03125 0.022321428571428572 0.03125 0.03125 0.022321428571428572 0.04017857142857143 0.03125 
0.028089887640449437 0.028089887640449437 0.028089887640449437 0.028089887640449437 0.03932584269662921 0.028089887640449437 0.42134831460674155 0.028089887640449437 0.028089887640449437 0.03932584269662921 0.028089887640449437 0.028089887640449437 0.03932584269662921 0.028089887640449437 0.028089887640449437 0.028089887640449437 0.028089887640449437 0.03932584269662921 0.028089887640449437 0.028089887640449437 
0.03435114503816794 0.03435114503816794 0.04961832061068702 0.07251908396946564 0.04198473282442748 0.04198473282442748 0.05725190839694656 0.03435114503816794 0.1946564885496183 0.0648854961832061 0.026717557251908396 0.09541984732824428 0.03435114503816794 0.026717557251908396 0.03435114503816794 0.04961832061068702 0.019083969465648856 0.03435114503816794 0.026717557251908396 0.026717557251908396 
0.046610169491525424 0.029661016949152543 0.029661016949152543 0.029661016949152543 0.038135593220338986 0.029661016949152543 0.029661016949152543 0.2669491525423729 0.038135593220338986 0.029661016949152543 0.038135593220338986 0.1059322033898305 0.038135593220338986 0.0211864406779661 0.038135593220338986 0.046610169491525424 0.029661016949152543 0.0211864406779661 0.038135593220338986 0.05508474576271186 
0.032846715328467155 0.05474452554744526 0.032846715328467155 0.04744525547445255 0.032846715328467155 0.025547445255474453 0.05474452554744526 0.19343065693430658 0.032846715328467155 0.07664233576642336 0.06204379562043796 0.08394160583941605 0.032846715328467155 0.06204379562043796 0.040145985401459854 0.025547445255474453 0.01824817518248175 0.040145985401459854 0.025547445255474453 0.025547445255474453 
0.05803571428571429 0.03125 0.022321428571428572 0.11160714285714286 0.022321428571428572 0.04017857142857143 0.04017857142857143 0.04017857142857143 0.049107142857142856 0.03125 0.04017857142857143 0.15625 0.08482142857142858 0.03125 0.03125 0.05803571428571429 0.022321428571428572 0.04017857142857143 0.05803571428571429 0.03125 
0.040229885057471264 0.05172413793103448 0.06321839080459771 0.05172413793103448 0.05172413793103448 0.08620689655172414 0.06321839080459771 0.09770114942528736 0.040229885057471264 0.028735632183908046 0.028735632183908046 0.09770114942528736 0.028735632183908046 0.06321839080459771 0.040229885057471264 0.040229885057471264 0.028735632183908046 0.040229885057471264 0.028735632183908046 0.028735632183908046 
0.057291666666666664 0.036458333333333336 0.026041666666666668 0.08854166666666667 0.057291666666666664 0.057291666666666664 0.026041666666666668 0.046875 0.036458333333333336 0.046875 0.057291666666666664 0.15104166666666666 0.046875 0.057291666666666664 0.026041666666666668 0.036458333333333336 0.026041666666666668 0.036458333333333336 0.046875 0.036458333333333336 
0.02358490566037736 0.02358490566037736 0.02358490566037736 0.02358490566037736 0.0330188679245283 0.05188679245283019 0.1179245283018868 0.02358490566037736 0.35377358490566035 0.0330188679245283 0.04245283018867924 0.02358490566037736 0.02358490566037736 0.0330188679245283 0.02358490566037736 0.04245283018867924 0.02358490566037736 0.02358490566037736 0.0330188679245283 0.02358490566037736 
0.02734375 0.07421875 0.01953125 0.02734375 0.02734375 0.01953125 0.05078125 0.01953125 0.18359375 0.01953125 0.05078125 0.02734375 0.04296875 0.03515625 0.01953125 0.04296875 0.02734375 0.21484375 0.02734375 0.04296875 
0.05508474576271186 0.029661016949152543 0.0211864406779661 0.038135593220338986 0.038135593220338986 0.0211864406779661 0.1059322033898305 0.029661016949152543 0.21610169491525424 0.05508474576271186 0.0211864406779661 0.05508474576271186 0.08898305084745763 0.0211864406779661 0.038135593220338986 0.029661016949152543 0.029661016949152543 0.029661016949152543 0.038135593220338986 0.038135593220338986 
0.02066115702479339 0.07024793388429752 0.02066115702479339 0.028925619834710745 0.02066115702479339 0.028925619834710745 0.06198347107438017 0.02066115702479339 0.3677685950413223 0.045454545454545456 0.045454545454545456 0.02066115702479339 0.05371900826446281 0.0371900826446281 0.02066115702479339 0.02066115702479339 0.02066115702479339 0.02066115702479339 0.02066115702479339 0.05371900826446281 
0.024509803921568627 0.09313725490196079 0.03431372549019608 0.03431372549019608 0.04411764705882353 0.03431372549019608 0.024509803921568627 0.024509803921568627 0.28921568627450983 0.03431372549019608 0.024509803921568627 0.03431372549019608 0.024509803921568627 0.024509803921568627 0.04411764705882353 0.06372549019607843 0.03431372549019608 0.03431372549019608 0.04411764705882353 0.03431372549019608 
0.018518518518518517 0.07777777777777778 0.03333333333333333 0.040740740740740744 0.04814814814814815 0.025925925925925925 0.03333333333333333 0.025925925925925925 0.22592592592592592 0.07037037037037037 0.018518518518518517 0.03333333333333333 0.07777777777777778 0.025925925925925925 0.06296296296296296 0.03333333333333333 0.03333333333333333 0.03333333333333333 0.04814814814814815 0.03333333333333333 
0.030973451327433628 0.05752212389380531 0.030973451327433628 0.022123893805309734 0.030973451327433628 0.048672566371681415 0.06637168141592921 0.022123893805309734 0.27876106194690264 0.084070796460177 0.030973451327433628 0.022123893805309734 0.030973451327433628 0.03982300884955752 0.0752212389380531 0.030973451327433628 0.022123893805309734 0.030973451327433628 0.022123893805309734 0.022123893805309734 
0.046875 0.06770833333333333 0.026041666666666668 0.026041666666666668 0.046875 0.036458333333333336 0.026041666666666668 0.046875 0.24479166666666666 0.026041666666666668 0.026041666666666668 0.06770833333333333 0.036458333333333336 0.036458333333333336 0.046875 0.057291666666666664 0.036458333333333336 0.036458333333333336 0.026041666666666668 0.036458333333333336 
0.03982300884955752 0.09292035398230089 0.030973451327433628 0.030973451327433628 0.11061946902654868 0.022123893805309734 0.03982300884955752 0.030973451327433628 0.12831858407079647 0.048672566371681415 0.030973451327433628 0.022123893805309734 0.030973451327433628 0.030973451327433628 0.03982300884955752 0.06637168141592921 0.022123893805309734 0.030973451327433628 0.030973451327433628 0.11946902654867257 
0.022321428571428572 0.022321428571428572 0.04017857142857143 0.04017857142857143 0.03125 0.03125 0.05803571428571429 0.022321428571428572 0.34375 0.06696428571428571 0.022321428571428572 0.022321428571428572 0.022321428571428572 0.022321428571428572 0.03125 0.049107142857142856 0.03125 0.04017857142857143 0.05803571428571429 0.022321428571428572 
0.02631578947368421 0.041353383458646614 0.018796992481203006 0.04887218045112782 0.03383458646616541 0.05639097744360902 0.04887218045112782 0.018796992481203006 0.2669172932330827 0.02631578947368421 0.018796992481203006 0.018796992481203006 0.018796992481203006 0.02631578947368421 0.02631578947368421 0.041353383458646614 0.018796992481203006 0.17669172932330826 0.04887218045112782 0.018796992481203006 
0.029914529914529916 0.0641025641025641 0.021367521367521368 0.09829059829059829 0.038461538461538464 0.038461538461538464 0.029914529914529916 0.021367521367521368 0.2606837606837607 0.029914529914529916 0.029914529914529916 0.09829059829059829 0.029914529914529916 0.021367521367521368 0.038461538461538464 0.029914529914529916 0.029914529914529916 0.04700854700854701 0.021367521367521368 0.021367521367521368 
0.022123893805309734 0.022123893805309734 0.022123893805309734 0.022123893805309734 0.03982300884955752 0.022123893805309734 0.09292035398230089 0.022123893805309734 0.41150442477876104 0.03982300884955752 0.030973451327433628 0.030973451327433628 0.022123893805309734 0.022123893805309734 0.022123893805309734 0.022123893805309734 0.022123893805309734 0.030973451327433628 0.05752212389380531 0.022123893805309734 
0.029411764705882353 0.052941176470588235 0.041176470588235294 0.029411764705882353 0.041176470588235294 0.052941176470588235 0.06470588235294118 0.041176470588235294 0.22941176470588234 0.06470588235294118 0.029411764705882353 0.029411764705882353 0.029411764705882353 0.041176470588235294 0.029411764705882353 0.041176470588235294 0.041176470588235294 0.041176470588235294 0.041176470588235294 0.029411764705882353 
0.023809523809523808 0.05238095238095238 0.023809523809523808 0.09047619047619047 0.03333333333333333 0.05238095238095238 0.023809523809523808 0.023809523809523808 0.19523809523809524 0.07142857142857142 0.03333333333333333 0.023809523809523808 0.06190476190476191 0.03333333333333333 0.05238095238095238 0.05238095238095238 0.04285714285714286 0.04285714285714286 0.03333333333333333 0.03333333333333333 
0.05045871559633028 0.04128440366972477 0.03211009174311927 0.022935779816513763 0.03211009174311927 0.03211009174311927 0.03211009174311927 0.03211009174311927 0.19724770642201836 0.022935779816513763 0.03211009174311927 0.0779816513761468 0.03211009174311927 0.022935779816513763 0.05963302752293578 0.12385321100917432 0.05045871559633028 0.05045871559633028 0.022935779816513763 0.03211009174311927 
0.06962025316455696 0.03164556962025317 0.04430379746835443 0.04430379746835443 0.08227848101265822 0.08227848101265822 0.03164556962025317 0.04430379746835443 0.12025316455696203 0.04430379746835443 0.03164556962025317 0.03164556962025317 0.06962025316455696 0.04430379746835443 0.056962025316455694 0.03164556962025317 0.04430379746835443 0.03164556962025317 0.03164556962025317 0.03164556962025317 
0.035 0.025 0.025 0.035 0.045 0.075 0.055 0.035 0.195 0.025 0.085 0.025 0.045 0.035 0.025 0.035 0.045 0.035 0.065 0.055 
0.022123893805309734 0.048672566371681415 0.022123893805309734 0.022123893805309734 0.030973451327433628 0.022123893805309734 0.14601769911504425 0.030973451327433628 0.28761061946902655 0.030973451327433628 0.030973451327433628 0.022123893805309734 0.03982300884955752 0.048672566371681415 0.03982300884955752 0.022123893805309734 0.022123893805309734 0.022123893805309734 0.030973451327433628 0.05752212389380531 
0.022321428571428572 0.022321428571428572 0.022321428571428572 0.022321428571428572 0.03125 0.04017857142857143 0.12946428571428573 0.04017857142857143 0.3705357142857143 0.04017857142857143 0.022321428571428572 0.022321428571428572 0.04017857142857143 0.022321428571428572 0.022321428571428572 0.022321428571428572 0.022321428571428572 0.022321428571428572 0.03125 0.03125 
0.021551724137931036 0.03017241379310345 0.021551724137931036 0.03017241379310345 0.03017241379310345 0.03879310344827586 0.07327586206896551 0.021551724137931036 0.28879310344827586 0.03879310344827586 0.021551724137931036 0.03017241379310345 0.04741379310344827 0.03879310344827586 0.021551724137931036 0.021551724137931036 0.07327586206896551 0.03017241379310345 0.06465517241379311 0.05603448275862069 
0.03888888888888889 0.027777777777777776 0.027777777777777776 0.03888888888888889 0.027777777777777776 0.03888888888888889 0.07222222222222222 0.03888888888888889 0.25 0.03888888888888889 0.027777777777777776 0.07222222222222222 0.03888888888888889 0.03888888888888889 0.03888888888888889 0.03888888888888889 0.027777777777777776 0.03888888888888889 0.027777777777777776 0.05 
0.026881720430107527 0.04838709677419355 0.026881720430107527 0.026881720430107527 0.03763440860215054 0.026881720430107527 0.0913978494623656 0.05913978494623656 0.2849462365591398 0.03763440860215054 0.026881720430107527 0.03763440860215054 0.03763440860215054 0.03763440860215054 0.026881720430107527 0.03763440860215054 0.03763440860215054 0.026881720430107527 0.03763440860215054 0.026881720430107527 
0.04591836734693878 0.025510204081632654 0.025510204081632654 0.04591836734693878 0.025510204081632654 0.05612244897959184 0.07653061224489796 0.025510204081632654 0.2602040816326531 0.04591836734693878 0.025510204081632654 0.04591836734693878 0.04591836734693878 0.03571428571428571 0.03571428571428571 0.03571428571428571 0.03571428571428571 0.04591836734693878 0.025510204081632654 0.03571428571428571 
0.024271844660194174 0.024271844660194174 0.024271844660194174 0.024271844660194174 0.05339805825242718 0.024271844660194174 0.22815533980582525 0.024271844660194174 0.24757281553398058 0.043689320388349516 0.024271844660194174 0.024271844660194174 0.024271844660194174 0.043689320388349516 0.03398058252427184 0.024271844660194174 0.03398058252427184 0.024271844660194174 0.024271844660194174 0.024271844660194174 
0.021929824561403508 0.03070175438596491 0.021929824561403508 0.03070175438596491 0.039473684210526314 0.021929824561403508 0.40789473684210525 0.021929824561403508 0.03070175438596491 0.03070175438596491 0.03070175438596491 0.03070175438596491 0.03070175438596491 0.05701754385964912 0.03070175438596491 0.03070175438596491 0.03070175438596491 0.04824561403508772 0.03070175438596491 0.021929824561403508 
0.034722222222222224 0.034722222222222224 0.034722222222222224 0.034722222222222224 0.034722222222222224 0.034722222222222224 0.22916666666666666 0.034722222222222224 0.04861111111111111 0.0625 0.034722222222222224 0.034722222222222224 0.0763888888888889 0.04861111111111111 0.04861111111111111 0.034722222222222224 0.034722222222222224 0.034722222222222224 0.034722222222222224 0.034722222222222224 
0.02336448598130841 0.03271028037383177 0.02336448598130841 0.02336448598130841 0.04205607476635514 0.02336448598130841 0.07009345794392523 0.02336448598130841 0.20093457943925233 0.07009345794392523 0.03271028037383177 0.11682242990654206 0.08878504672897196 0.07009345794392523 0.02336448598130841 0.03271028037383177 0.02336448598130841 0.03271028037383177 0.02336448598130841 0.02336448598130841 
0.03365384615384615 0.02403846153846154 0.02403846153846154 0.02403846153846154 0.02403846153846154 0.03365384615384615 0.03365384615384615 0.02403846153846154 0.052884615384615384 0.11057692307692307 0.052884615384615384 0.10096153846153846 0.04326923076923077 0.21634615384615385 0.03365384615384615 0.02403846153846154 0.02403846153846154 0.04326923076923077 0.04326923076923077 0.03365384615384615 
0.024509803921568627 0.024509803921568627 0.024509803921568627 0.024509803921568627 0.05392156862745098 0.024509803921568627 0.04411764705882353 0.024509803921568627 0.024509803921568627 0.03431372549019608 0.03431372549019608 0.27941176470588236 0.07352941176470588 0.05392156862745098 0.03431372549019608 0.04411764705882353 0.024509803921568627 0.06372549019607843 0.06372549019607843 0.024509803921568627 
0.032467532467532464 0.045454545454545456 0.032467532467532464 0.032467532467532464 0.07142857142857142 0.032467532467532464 0.11038961038961038 0.032467532467532464 0.032467532467532464 0.045454545454545456 0.045454545454545456 0.032467532467532464 0.07142857142857142 0.07142857142857142 0.032467532467532464 0.05844155844155844 0.032467532467532464 0.05844155844155844 0.09740259740259741 0.032467532467532464 
0.046052631578947366 0.03289473684210526 0.03289473684210526 0.03289473684210526 0.03289473684210526 0.05921052631578947 0.16447368421052633 0.046052631578947366 0.03289473684210526 0.05921052631578947 0.03289473684210526 0.03289473684210526 0.05921052631578947 0.046052631578947366 0.046052631578947366 0.046052631578947366 0.03289473684210526 0.03289473684210526 0.09868421052631579 0.03289473684210526 
0.03676470588235294 0.03676470588235294 0.03676470588235294 0.03676470588235294 0.03676470588235294 0.03676470588235294 0.18382352941176472 0.03676470588235294 0.03676470588235294 0.03676470588235294 0.051470588235294115 0.051470588235294115 0.03676470588235294 0.0661764705882353 0.03676470588235294 0.03676470588235294 0.03676470588235294 0.03676470588235294 0.09558823529411764 0.03676470588235294 
0.03289473684210526 0.03289473684210526 0.03289473684210526 0.08552631578947369 0.046052631578947366 0.03289473684210526 0.125 0.03289473684210526 0.09868421052631579 0.08552631578947369 0.046052631578947366 0.046052631578947366 0.03289473684210526 0.03289473684210526 0.03289473684210526 0.03289473684210526 0.03289473684210526 0.05921052631578947 0.046052631578947366 0.03289473684210526 
0.026595744680851064 0.05851063829787234 0.026595744680851064 0.026595744680851064 0.047872340425531915 0.03723404255319149 0.31382978723404253 0.026595744680851064 0.026595744680851064 0.05851063829787234 0.026595744680851064 0.026595744680851064 0.03723404255319149 0.026595744680851064 0.03723404255319149 0.026595744680851064 0.026595744680851064 0.03723404255319149 0.026595744680851064 0.0797872340425532 
0.034653465346534656 0.034653465346534656 0.024752475247524754 0.034653465346534656 0.034653465346534656 0.04455445544554455 0.3613861386138614 0.024752475247524754 0.024752475247524754 0.024752475247524754 0.024752475247524754 0.054455445544554455 0.04455445544554455 0.034653465346534656 0.024752475247524754 0.024752475247524754 0.034653465346534656 0.034653465346534656 0.024752475247524754 0.054455445544554455 
0.024509803921568627 0.04411764705882353 0.024509803921568627 0.03431372549019608 0.024509803921568627 0.04411764705882353 0.3088235294117647 0.024509803921568627 0.024509803921568627 0.03431372549019608 0.04411764705882353 0.03431372549019608 0.08333333333333333 0.05392156862745098 0.04411764705882353 0.024509803921568627 0.024509803921568627 0.024509803921568627 0.05392156862745098 0.024509803921568627 
0.041666666666666664 0.06018518518518518 0.023148148148148147 0.041666666666666664 0.041666666666666664 0.041666666666666664 0.375 0.041666666666666664 0.032407407407407406 0.05092592592592592 0.023148148148148147 0.023148148148148147 0.023148148148148147 0.032407407407407406 0.023148148148148147 0.032407407407407406 0.023148148148148147 0.023148148148148147 0.023148148148148147 0.023148148148148147 
0.024509803921568627 0.024509803921568627 0.03431372549019608 0.03431372549019608 0.04411764705882353 0.04411764705882353 0.1323529411764706 0.03431372549019608 0.03431372549019608 0.14215686274509803 0.03431372549019608 0.03431372549019608 0.04411764705882353 0.03431372549019608 0.05392156862745098 0.03431372549019608 0.06372549019607843 0.024509803921568627 0.05392156862745098 0.07352941176470588 
0.030120481927710843 0.05421686746987952 0.030120481927710843 0.030120481927710843 0.030120481927710843 0.030120481927710843 0.25903614457831325 0.030120481927710843 0.030120481927710843 0.04216867469879518 0.030120481927710843 0.030120481927710843 0.0783132530120482 0.0783132530120482 0.04216867469879518 0.030120481927710843 0.04216867469879518 0.030120481927710843 0.04216867469879518 0.030120481927710843 
0.04090909090909091 0.04090909090909091 0.022727272727272728 0.031818181818181815 0.031818181818181815 0.07727272727272727 0.2772727272727273 0.022727272727272728 0.031818181818181815 0.022727272727272728 0.022727272727272728 0.022727272727272728 0.08636363636363636 0.05909090909090909 0.04090909090909091 0.031818181818181815 0.022727272727272728 0.031818181818181815 0.05909090909090909 0.022727272727272728 
0.041666666666666664 0.041666666666666664 0.032407407407407406 0.023148148148148147 0.023148148148148147 0.023148148148148147 0.3101851851851852 0.023148148148148147 0.032407407407407406 0.05092592592592592 0.05092592592592592 0.023148148148148147 0.05092592592592592 0.08796296296296297 0.023148148148148147 0.023148148148148147 0.023148148148148147 0.041666666666666664 0.041666666666666664 0.032407407407407406 
0.033783783783783786 0.033783783783783786 0.033783783783783786 0.033783783783783786 0.033783783783783786 0.033783783783783786 0.16891891891891891 0.033783783783783786 0.060810810810810814 0.07432432432432433 0.060810810810810814 0.033783783783783786 0.060810810810810814 0.0472972972972973 0.0472972972972973 0.060810810810810814 0.033783783783783786 0.033783783783783786 0.033783783783783786 0.0472972972972973 
0.022123893805309734 0.05752212389380531 0.022123893805309734 0.022123893805309734 0.03982300884955752 0.022123893805309734 0.12831858407079647 0.022123893805309734 0.05752212389380531 0.0752212389380531 0.06637168141592921 0.048672566371681415 0.030973451327433628 0.048672566371681415 0.048672566371681415 0.030973451327433628 0.09292035398230089 0.030973451327433628 0.048672566371681415 0.084070796460177 
0.024752475247524754 0.024752475247524754 0.024752475247524754 0.024752475247524754 0.2722772277227723 0.024752475247524754 0.054455445544554455 0.024752475247524754 0.034653465346534656 0.04455445544554455 0.09405940594059406 0.024752475247524754 0.034653465346534656 0.07425742574257425 0.034653465346534656 0.024752475247524754 0.024752475247524754 0.034653465346534656 0.034653465346534656 0.06435643564356436 
0.029411764705882353 0.052941176470588235 0.052941176470588235 0.07647058823529412 0.029411764705882353 0.029411764705882353 0.19411764705882353 0.029411764705882353 0.052941176470588235 0.07647058823529412 0.041176470588235294 0.029411764705882353 0.041176470588235294 0.052941176470588235 0.041176470588235294 0.029411764705882353 0.029411764705882353 0.041176470588235294 0.029411764705882353 0.041176470588235294 
0.019230769230769232 0.05 0.019230769230769232 0.08076923076923077 0.03461538461538462 0.04230769230769231 0.3192307692307692 0.019230769230769232 0.019230769230769232 0.06538461538461539 0.026923076923076925 0.026923076923076925 0.07307692307692308 0.05 0.019230769230769232 0.019230769230769232 0.019230769230769232 0.03461538461538462 0.026923076923076925 0.03461538461538462 
0.021367521367521368 0.11538461538461539 0.029914529914529916 0.0811965811965812 0.021367521367521368 0.029914529914529916 0.2606837606837607 0.021367521367521368 0.021367521367521368 0.038461538461538464 0.0641025641025641 0.038461538461538464 0.029914529914529916 0.05555555555555555 0.021367521367521368 0.021367521367521368 0.021367521367521368 0.029914529914529916 0.029914529914529916 0.04700854700854701 
0.03125 0.03125 0.04375 0.03125 0.03125 0.03125 0.09375 0.03125 0.06875 0.04375 0.04375 0.03125 0.04375 0.03125 0.25625 0.03125 0.03125 0.03125 0.03125 0.03125 
0.024509803921568627 0.09313725490196079 0.04411764705882353 0.03431372549019608 0.024509803921568627 0.08333333333333333 0.08333333333333333 0.024509803921568627 0.06372549019607843 0.05392156862745098 0.04411764705882353 0.03431372549019608 0.03431372549019608 0.024509803921568627 0.19117647058823528 0.03431372549019608 0.024509803921568627 0.024509803921568627 0.03431372549019608 0.024509803921568627 
0.027559055118110236 0.051181102362204724 0.03543307086614173 0.01968503937007874 0.01968503937007874 0.01968503937007874 0.2874015748031496 0.01968503937007874 0.051181102362204724 0.03543307086614173 0.027559055118110236 0.01968503937007874 0.03543307086614173 0.01968503937007874 0.21653543307086615 0.01968503937007874 0.027559055118110236 0.01968503937007874 0.01968503937007874 0.027559055118110236 
0.03684210526315789 0.02631578947368421 0.04736842105263158 0.02631578947368421 0.02631578947368421 0.04736842105263158 0.02631578947368421 0.02631578947368421 0.05789473684210526 0.02631578947368421 0.03684210526315789 0.02631578947368421 0.03684210526315789 0.03684210526315789 0.3105263157894737 0.02631578947368421 0.06842105263157895 0.02631578947368421 0.04736842105263158 0.03684210526315789 
0.02252252252252252 0.07657657657657657 0.03153153153153153 0.03153153153153153 0.02252252252252252 0.04954954954954955 0.05855855855855856 0.02252252252252252 0.05855855855855856 0.04054054054054054 0.04054054054054054 0.04054054054054054 0.02252252252252252 0.04054054054054054 0.28378378378378377 0.04954954954954955 0.02252252252252252 0.03153153153153153 0.02252252252252252 0.03153153153153153 
0.029411764705882353 0.041176470588235294 0.041176470588235294 0.029411764705882353 0.029411764705882353 0.029411764705882353 0.041176470588235294 0.029411764705882353 0.11176470588235295 0.029411764705882353 0.041176470588235294 0.029411764705882353 0.041176470588235294 0.041176470588235294 0.2411764705882353 0.029411764705882353 0.041176470588235294 0.052941176470588235 0.041176470588235294 0.029411764705882353 
0.028925619834710745 0.0371900826446281 0.028925619834710745 0.028925619834710745 0.028925619834710745 0.02066115702479339 0.16115702479338842 0.028925619834710745 0.06198347107438017 0.06198347107438017 0.028925619834710745 0.02066115702479339 0.07024793388429752 0.028925619834710745 0.2190082644628099 0.02066115702479339 0.02066115702479339 0.0371900826446281 0.0371900826446281 0.028925619834710745 
0.03271028037383177 0.03271028037383177 0.0514018691588785 0.03271028037383177 0.02336448598130841 0.02336448598130841 0.1261682242990654 0.02336448598130841 0.06074766355140187 0.03271028037383177 0.02336448598130841 0.0514018691588785 0.06074766355140187 0.06074766355140187 0.04205607476635514 0.02336448598130841 0.03271028037383177 0.21962616822429906 0.02336448598130841 0.02336448598130841 
0.029069767441860465 0.06395348837209303 0.040697674418604654 0.05232558139534884 0.029069767441860465 0.040697674418604654 0.05232558139534884 0.029069767441860465 0.029069767441860465 0.040697674418604654 0.029069767441860465 0.040697674418604654 0.029069767441860465 0.0755813953488372 0.0755813953488372 0.029069767441860465 0.05232558139534884 0.1686046511627907 0.05232558139534884 0.040697674418604654 
0.029166666666666667 0.07083333333333333 0.020833333333333332 0.05416666666666667 0.020833333333333332 0.020833333333333332 0.12916666666666668 0.020833333333333332 0.04583333333333333 0.04583333333333333 0.0375 0.05416666666666667 0.020833333333333332 0.0625 0.05416666666666667 0.020833333333333332 0.020833333333333332 0.15416666666666667 0.04583333333333333 0.07083333333333333 
0.027472527472527472 0.04945054945054945 0.027472527472527472 0.027472527472527472 0.027472527472527472 0.027472527472527472 0.23626373626373626 0.027472527472527472 0.027472527472527472 0.04945054945054945 0.038461538461538464 0.027472527472527472 0.07142857142857142 0.07142857142857142 0.038461538461538464 0.027472527472527472 0.04945054945054945 0.06043956043956044 0.027472527472527472 0.06043956043956044 
0.030120481927710843 0.030120481927710843 0.030120481927710843 0.04216867469879518 0.030120481927710843 0.04216867469879518 0.25903614457831325 0.030120481927710843 0.030120481927710843 0.030120481927710843 0.030120481927710843 0.030120481927710843 0.10240963855421686 0.030120481927710843 0.030120481927710843 0.04216867469879518 0.030120481927710843 0.05421686746987952 0.030120481927710843 0.06626506024096386 
0.02 0.084 0.02 0.02 0.036 0.028 0.356 0.028 0.028 0.116 0.028 0.02 0.044 0.028 0.028 0.028 0.02 0.02 0.02 0.028 
0.023809523809523808 0.03333333333333333 0.03333333333333333 0.03333333333333333 0.04285714285714286 0.023809523809523808 0.24285714285714285 0.023809523809523808 0.03333333333333333 0.05238095238095238 0.04285714285714286 0.023809523809523808 0.07142857142857142 0.03333333333333333 0.023809523809523808 0.023809523809523808 0.023809523809523808 0.05238095238095238 0.04285714285714286 0.11904761904761904 
0.028089887640449437 0.11797752808988764 0.028089887640449437 0.03932584269662921 0.05056179775280899 0.03932584269662921 0.12921348314606743 0.028089887640449437 0.028089887640449437 0.06179775280898876 0.03932584269662921 0.028089887640449437 0.11797752808988764 0.06179775280898876 0.028089887640449437 0.028089887640449437 0.028089887640449437 0.03932584269662921 0.03932584269662921 0.03932584269662921 
0.028735632183908046 0.13218390804597702 0.028735632183908046 0.040229885057471264 0.028735632183908046 0.028735632183908046 0.14367816091954022 0.028735632183908046 0.028735632183908046 0.05172413793103448 0.040229885057471264 0.040229885057471264 0.10919540229885058 0.040229885057471264 0.040229885057471264 0.028735632183908046 0.028735632183908046 0.028735632183908046 0.028735632183908046 0.07471264367816093 
0.022935779816513763 0.05963302752293578 0.022935779816513763 0.03211009174311927 0.05045871559633028 0.05045871559633028 0.2981651376146789 0.022935779816513763 0.03211009174311927 0.04128440366972477 0.022935779816513763 0.022935779816513763 0.0779816513761468 0.022935779816513763 0.05045871559633028 0.022935779816513763 0.022935779816513763 0.022935779816513763 0.04128440366972477 0.05963302752293578 
0.03125 0.09375 0.03125 0.04375 0.04375 0.03125 0.24375 0.03125 0.03125 0.03125 0.04375 0.03125 0.04375 0.04375 0.03125 0.03125 0.03125 0.05625 0.04375 0.03125 
0.032407407407407406 0.125 0.05092592592592592 0.06018518518518518 0.023148148148148147 0.041666666666666664 0.2638888888888889 0.023148148148148147 0.023148148148148147 0.06018518518518518 0.032407407407407406 0.023148148148148147 0.023148148148148147 0.041666666666666664 0.032407407407407406 0.023148148148148147 0.023148148148148147 0.023148148148148147 0.032407407407407406 0.041666666666666664 
0.02631578947368421 0.08947368421052632 0.02631578947368421 0.04736842105263158 0.05789473684210526 0.04736842105263158 0.23684210526315788 0.02631578947368421 0.03684210526315789 0.05789473684210526 0.05789473684210526 0.04736842105263158 0.04736842105263158 0.03684210526315789 0.02631578947368421 0.02631578947368421 0.02631578947368421 0.02631578947368421 0.02631578947368421 0.02631578947368421 
0.028225806451612902 0.125 0.036290322580645164 0.05241935483870968 0.06048387096774194 0.036290322580645164 0.2862903225806452 0.020161290322580645 0.04435483870967742 0.020161290322580645 0.020161290322580645 0.020161290322580645 0.028225806451612902 0.028225806451612902 0.04435483870967742 0.020161290322580645 0.020161290322580645 0.020161290322580645 0.04435483870967742 0.04435483870967742 
0.023148148148148147 0.023148148148148147 0.041666666666666664 0.06944444444444445 0.06018518518518518 0.05092592592592592 0.2175925925925926 0.023148148148148147 0.023148148148148147 0.14351851851851852 0.032407407407407406 0.023148148148148147 0.023148148148148147 0.023148148148148147 0.041666666666666664 0.032407407407407406 0.032407407407407406 0.023148148148148147 0.06018518518518518 0.032407407407407406 
0.028735632183908046 0.040229885057471264 0.028735632183908046 0.028735632183908046 0.040229885057471264 0.05172413793103448 0.1781609195402299 0.028735632183908046 0.040229885057471264 0.040229885057471264 0.10919540229885058 0.040229885057471264 0.05172413793103448 0.040229885057471264 0.028735632183908046 0.05172413793103448 0.05172413793103448 0.028735632183908046 0.040229885057471264 0.05172413793103448 
0.025252525252525252 0.045454545454545456 0.025252525252525252 0.025252525252525252 0.025252525252525252 0.03535353535353535 0.30808080808080807 0.025252525252525252 0.03535353535353535 0.025252525252525252 0.11616161616161616 0.025252525252525252 0.03535353535353535 0.03535353535353535 0.025252525252525252 0.025252525252525252 0.025252525252525252 0.045454545454545456 0.06565656565656566 0.025252525252525252 
0.047872340425531915 0.03723404255319149 0.026595744680851064 0.03723404255319149 0.03723404255319149 0.026595744680851064 0.17553191489361702 0.03723404255319149 0.03723404255319149 0.09042553191489362 0.06914893617021277 0.047872340425531915 0.026595744680851064 0.05851063829787234 0.03723404255319149 0.03723404255319149 0.026595744680851064 0.05851063829787234 0.047872340425531915 0.03723404255319149 
0.05844155844155844 0.032467532467532464 0.032467532467532464 0.045454545454545456 0.032467532467532464 0.032467532467532464 0.12337662337662338 0.032467532467532464 0.032467532467532464 0.032467532467532464 0.032467532467532464 0.032467532467532464 0.14935064935064934 0.07142857142857142 0.05844155844155844 0.032467532467532464 0.032467532467532464 0.032467532467532464 0.07142857142857142 0.032467532467532464 
0.028089887640449437 0.028089887640449437 0.028089887640449437 0.05056179775280899 0.03932584269662921 0.03932584269662921 0.10674157303370786 0.03932584269662921 0.028089887640449437 0.028089887640449437 0.028089887640449437 0.028089887640449437 0.1404494382022472 0.03932584269662921 0.06179775280898876 0.028089887640449437 0.028089887640449437 0.03932584269662921 0.15168539325842698 0.03932584269662921 
0.02734375 0.02734375 0.01953125 0.03515625 0.03515625 0.05859375 0.10546875 0.01953125 0.01953125 0.01953125 0.01953125 0.05078125 0.20703125 0.04296875 0.06640625 0.04296875 0.02734375 0.02734375 0.09765625 0.05078125 
0.026041666666666668 0.057291666666666664 0.057291666666666664 0.026041666666666668 0.026041666666666668 0.057291666666666664 0.19270833333333334 0.026041666666666668 0.036458333333333336 0.046875 0.046875 0.06770833333333333 0.046875 0.057291666666666664 0.036458333333333336 0.026041666666666668 0.046875 0.026041666666666668 0.036458333333333336 0.057291666666666664 
0.02976190476190476 0.041666666666666664 0.02976190476190476 0.05357142857142857 0.02976190476190476 0.07738095238095238 0.1488095238095238 0.02976190476190476 0.041666666666666664 0.125 0.02976190476190476 0.02976190476190476 0.041666666666666664 0.05357142857142857 0.02976190476190476 0.041666666666666664 0.02976190476190476 0.02976190476190476 0.07738095238095238 0.02976190476190476 
0.03932584269662921 0.028089887640449437 0.03932584269662921 0.07303370786516854 0.028089887640449437 0.06179775280898876 0.12921348314606743 0.028089887640449437 0.03932584269662921 0.10674157303370786 0.028089887640449437 0.03932584269662921 0.028089887640449437 0.03932584269662921 0.05056179775280899 0.028089887640449437 0.028089887640449437 0.08426966292134831 0.03932584269662921 0.06179775280898876 
0.030864197530864196 0.030864197530864196 0.05555555555555555 0.030864197530864196 0.043209876543209874 0.030864197530864196 0.24074074074074073 0.030864197530864196 0.030864197530864196 0.05555555555555555 0.043209876543209874 0.030864197530864196 0.030864197530864196 0.043209876543209874 0.043209876543209874 0.043209876543209874 0.030864197530864196 0.043209876543209874 0.05555555555555555 0.05555555555555555 
0.042682926829268296 0.03048780487804878 0.03048780487804878 0.03048780487804878 0.042682926829268296 0.03048780487804878 0.3231707317073171 0.03048780487804878 0.03048780487804878 0.03048780487804878 0.03048780487804878 0.042682926829268296 0.042682926829268296 0.03048780487804878 0.03048780487804878 0.03048780487804878 0.042682926829268296 0.03048780487804878 0.042682926829268296 0.054878048780487805 
0.027777777777777776 0.03888888888888889 0.027777777777777776 0.06111111111111111 0.027777777777777776 0.05 0.2722222222222222 0.027777777777777776 0.027777777777777776 0.027777777777777776 0.03888888888888889 0.027777777777777776 0.08333333333333333 0.05 0.027777777777777776 0.03888888888888889 0.03888888888888889 0.027777777777777776 0.03888888888888889 0.03888888888888889 
0.028455284552845527 0.06097560975609756 0.02032520325203252 0.028455284552845527 0.02032520325203252 0.036585365853658534 0.46747967479674796 0.028455284552845527 0.028455284552845527 0.036585365853658534 0.02032520325203252 0.028455284552845527 0.02032520325203252 0.028455284552845527 0.028455284552845527 0.02032520325203252 0.02032520325203252 0.02032520325203252 0.02032520325203252 0.036585365853658534 
0.024752475247524754 0.034653465346534656 0.024752475247524754 0.034653465346534656 0.034653465346534656 0.13366336633663367 0.30198019801980197 0.024752475247524754 0.034653465346534656 0.034653465346534656 0.034653465346534656 0.034653465346534656 0.024752475247524754 0.04455445544554455 0.024752475247524754 0.024752475247524754 0.034653465346534656 0.034653465346534656 0.034653465346534656 0.024752475247524754 
0.03365384615384615 0.07211538461538461 0.03365384615384615 0.03365384615384615 0.02403846153846154 0.03365384615384615 0.3701923076923077 0.02403846153846154 0.04326923076923077 0.02403846153846154 0.03365384615384615 0.03365384615384615 0.03365384615384615 0.02403846153846154 0.04326923076923077 0.02403846153846154 0.02403846153846154 0.03365384615384615 0.02403846153846154 0.03365384615384615 
0.027777777777777776 0.05 0.027777777777777776 0.03888888888888889 0.027777777777777776 0.05 0.21666666666666667 0.027777777777777776 0.07222222222222222 0.08333333333333333 0.06111111111111111 0.05 0.027777777777777776 0.027777777777777776 0.027777777777777776 0.03888888888888889 0.03888888888888889 0.027777777777777776 0.05 0.027777777777777776 
