0.05 0.026923076923076925 0.06538461538461539 0.026923076923076925 0.019230769230769232 0.03461538461538462 0.057692307692307696 0.019230769230769232 0.04230769230769231 0.057692307692307696 0.15 0.04230769230769231 0.08846153846153847 0.026923076923076925 0.026923076923076925 0.08076923076923077 0.03461538461538462 0.04230769230769231 0.08846153846153847 0.019230769230769232 
0.037815126050420166 0.037815126050420166 0.1134453781512605 0.06302521008403361 0.02100840336134454 0.029411764705882353 0.029411764705882353 0.029411764705882353 0.029411764705882353 0.13025210084033614 0.0546218487394958 0.02100840336134454 0.10504201680672269 0.037815126050420166 0.037815126050420166 0.07142857142857142 0.037815126050420166 0.029411764705882353 0.046218487394957986 0.037815126050420166 
0.03211009174311927 0.05963302752293578 0.022935779816513763 0.04128440366972477 0.022935779816513763 0.05963302752293578 0.022935779816513763 0.04128440366972477 0.022935779816513763 0.0871559633027523 0.0871559633027523 0.0779816513761468 0.0871559633027523 0.04128440366972477 0.05045871559633028 0.04128440366972477 0.0779816513761468 0.04128440366972477 0.04128440366972477 0.04128440366972477 
0.04326923076923077 0.0625 0.10096153846153846 0.02403846153846154 0.03365384615384615 0.02403846153846154 0.03365384615384615 0.03365384615384615 0.03365384615384615 0.09134615384615384 0.10096153846153846 0.052884615384615384 0.09134615384615384 0.04326923076923077 0.052884615384615384 0.04326923076923077 0.03365384615384615 0.02403846153846154 0.052884615384615384 0.02403846153846154 
0.041666666666666664 0.05092592592592592 0.032407407407407406 0.041666666666666664 0.041666666666666664 0.041666666666666664 0.05092592592592592 0.023148148148148147 0.032407407407407406 0.05092592592592592 0.06018518518518518 0.06944444444444445 0.041666666666666664 0.032407407407407406 0.023148148148148147 0.18981481481481483 0.06018518518518518 0.05092592592592592 0.023148148148148147 0.041666666666666664 
0.0979381443298969 0.05670103092783505 0.03608247422680412 0.02577319587628866 0.02577319587628866 0.02577319587628866 0.02577319587628866 0.03608247422680412 0.05670103092783505 0.05670103092783505 0.02577319587628866 0.07731958762886598 0.07731958762886598 0.02577319587628866 0.03608247422680412 0.13917525773195877 0.04639175257731959 0.03608247422680412 0.06701030927835051 0.02577319587628866 
0.07352941176470588 0.06372549019607843 0.024509803921568627 0.04411764705882353 0.03431372549019608 0.024509803921568627 0.03431372549019608 0.03431372549019608 0.05392156862745098 0.06372549019607843 0.024509803921568627 0.08333333333333333 0.03431372549019608 0.04411764705882353 0.024509803921568627 0.14215686274509803 0.04411764705882353 0.05392156862745098 0.06372549019607843 0.03431372549019608 
0.03684210526315789 0.03684210526315789 0.03684210526315789 0.07894736842105263 0.04736842105263158 0.04736842105263158 0.04736842105263158 0.02631578947368421 0.02631578947368421 0.04736842105263158 0.21578947368421053 0.05789473684210526 0.1 0.02631578947368421 0.03684210526315789 0.02631578947368421 0.02631578947368421 0.02631578947368421 0.02631578947368421 0.02631578947368421 
0.04326923076923077 0.03365384615384615 0.08173076923076923 0.08173076923076923 0.03365384615384615 0.04326923076923077 0.03365384615384615 0.052884615384615384 0.02403846153846154 0.07211538461538461 0.11057692307692307 0.02403846153846154 0.052884615384615384 0.07211538461538461 0.03365384615384615 0.052884615384615384 0.03365384615384615 0.02403846153846154 0.0625 0.03365384615384615 
0.0763888888888889 0.034722222222222224 0.034722222222222224 0.04861111111111111 0.034722222222222224 0.034722222222222224 0.04861111111111111 0.0625 0.034722222222222224 0.11805555555555555 0.11805555555555555 0.034722222222222224 0.04861111111111111 0.04861111111111111 0.034722222222222224 0.034722222222222224 0.04861111111111111 0.034722222222222224 0.034722222222222224 0.034722222222222224 
0.04421768707482993 0.023809523809523808 0.030612244897959183 0.13945578231292516 0.030612244897959183 0.023809523809523808 0.023809523809523808 0.030612244897959183 0.13945578231292516 0.05782312925170068 0.017006802721088437 0.030612244897959183 0.05782312925170068 0.04421768707482993 0.04421768707482993 0.04421768707482993 0.07142857142857142 0.05782312925170068 0.04421768707482993 0.04421768707482993 
0.04330708661417323 0.027559055118110236 0.03543307086614173 0.06692913385826772 0.03543307086614173 0.08267716535433071 0.01968503937007874 0.03543307086614173 0.07480314960629922 0.04330708661417323 0.04330708661417323 0.051181102362204724 0.01968503937007874 0.027559055118110236 0.08267716535433071 0.05905511811023622 0.04330708661417323 0.06692913385826772 0.04330708661417323 0.0984251968503937 
0.05 0.03666666666666667 0.07 0.06333333333333334 0.03 0.05 0.016666666666666666 0.023333333333333334 0.07 0.10333333333333333 0.03666666666666667 0.056666666666666664 0.03666666666666667 0.09 0.043333333333333335 0.07 0.03666666666666667 0.03666666666666667 0.03666666666666667 0.043333333333333335 
0.016891891891891893 0.057432432432432436 0.07094594594594594 0.037162162162162164 0.02364864864864865 0.037162162162162164 0.02364864864864865 0.02364864864864865 0.125 0.05067567567567568 0.0777027027027027 0.030405405405405407 0.09797297297297297 0.02364864864864865 0.037162162162162164 0.05067567567567568 0.06418918918918919 0.037162162162162164 0.06418918918918919 0.05067567567567568 
0.021929824561403508 0.05701754385964912 0.021929824561403508 0.11842105263157894 0.021929824561403508 0.03070175438596491 0.03070175438596491 0.039473684210526314 0.08333333333333333 0.08333333333333333 0.06578947368421052 0.04824561403508772 0.021929824561403508 0.039473684210526314 0.04824561403508772 0.04824561403508772 0.04824561403508772 0.06578947368421052 0.021929824561403508 0.08333333333333333 
0.01937984496124031 0.05813953488372093 0.04263565891472868 0.1124031007751938 0.01937984496124031 0.07364341085271318 0.03488372093023256 0.01937984496124031 0.050387596899224806 0.1124031007751938 0.03488372093023256 0.03488372093023256 0.07364341085271318 0.050387596899224806 0.01937984496124031 0.05813953488372093 0.04263565891472868 0.05813953488372093 0.03488372093023256 0.050387596899224806 
0.04736842105263158 0.04736842105263158 0.04736842105263158 0.02631578947368421 0.02631578947368421 0.07894736842105263 0.02631578947368421 0.03684210526315789 0.02631578947368421 0.04736842105263158 0.04736842105263158 0.02631578947368421 0.02631578947368421 0.04736842105263158 0.04736842105263158 0.18421052631578946 0.05789473684210526 0.04736842105263158 0.04736842105263158 0.05789473684210526 
0.037815126050420166 0.02100840336134454 0.07142857142857142 0.037815126050420166 0.037815126050420166 0.029411764705882353 0.037815126050420166 0.046218487394957986 0.046218487394957986 0.07983193277310924 0.07983193277310924 0.029411764705882353 0.02100840336134454 0.037815126050420166 0.06302521008403361 0.14705882352941177 0.07142857142857142 0.02100840336134454 0.046218487394957986 0.037815126050420166 
0.022123893805309734 0.05752212389380531 0.03982300884955752 0.022123893805309734 0.03982300884955752 0.06637168141592921 0.048672566371681415 0.030973451327433628 0.048672566371681415 0.030973451327433628 0.05752212389380531 0.03982300884955752 0.06637168141592921 0.048672566371681415 0.022123893805309734 0.18141592920353983 0.03982300884955752 0.048672566371681415 0.05752212389380531 0.030973451327433628 
0.016339869281045753 0.029411764705882353 0.016339869281045753 0.07516339869281045 0.03594771241830065 0.20588235294117646 0.02287581699346405 0.049019607843137254 0.016339869281045753 0.016339869281045753 0.042483660130718956 0.049019607843137254 0.049019607843137254 0.03594771241830065 0.11437908496732026 0.08169934640522876 0.08169934640522876 0.029411764705882353 0.016339869281045753 0.016339869281045753 
0.030612244897959183 0.07142857142857142 0.017006802721088437 0.08503401360544217 0.05102040816326531 0.22108843537414966 0.017006802721088437 0.04421768707482993 0.023809523809523808 0.023809523809523808 0.03741496598639456 0.017006802721088437 0.030612244897959183 0.030612244897959183 0.03741496598639456 0.1054421768707483 0.05102040816326531 0.030612244897959183 0.04421768707482993 0.030612244897959183 
0.025139664804469275 0.019553072625698324 0.030726256983240222 0.11452513966480447 0.013966480446927373 0.20391061452513967 0.04189944134078212 0.013966480446927373 0.019553072625698324 0.08659217877094973 0.04189944134078212 0.030726256983240222 0.030726256983240222 0.05865921787709497 0.025139664804469275 0.13128491620111732 0.030726256983240222 0.025139664804469275 0.030726256983240222 0.025139664804469275 
0.020833333333333332 0.06845238095238096 0.0744047619047619 0.0625 0.050595238095238096 0.16964285714285715 0.020833333333333332 0.020833333333333332 0.03273809523809524 0.0625 0.01488095238095238 0.08035714285714286 0.026785714285714284 0.020833333333333332 0.01488095238095238 0.11607142857142858 0.050595238095238096 0.03869047619047619 0.03273809523809524 0.020833333333333332 
0.036 0.044 0.028 0.076 0.028 0.204 0.028 0.02 0.028 0.052 0.028 0.02 0.052 0.052 0.1 0.076 0.052 0.036 0.02 0.02 
0.03515625 0.03515625 0.08984375 0.08203125 0.03515625 0.26953125 0.02734375 0.03515625 0.01953125 0.02734375 0.02734375 0.03515625 0.03515625 0.03515625 0.06640625 0.05078125 0.02734375 0.01953125 0.01953125 0.02734375 
0.021929824561403508 0.03070175438596491 0.039473684210526314 0.13596491228070176 0.039473684210526314 0.03070175438596491 0.04824561403508772 0.04824561403508772 0.04824561403508772 0.04824561403508772 0.04824561403508772 0.03070175438596491 0.05701754385964912 0.07456140350877193 0.021929824561403508 0.14473684210526316 0.03070175438596491 0.021929824561403508 0.05701754385964912 0.021929824561403508 
0.03383458646616541 0.041353383458646614 0.02631578947368421 0.02631578947368421 0.02631578947368421 0.02631578947368421 0.018796992481203006 0.07142857142857142 0.018796992481203006 0.018796992481203006 0.05639097744360902 0.041353383458646614 0.10150375939849623 0.10902255639097744 0.02631578947368421 0.19924812030075187 0.07894736842105263 0.02631578947368421 0.02631578947368421 0.02631578947368421 
0.02734375 0.06640625 0.02734375 0.02734375 0.05078125 0.01953125 0.01953125 0.01953125 0.02734375 0.01953125 0.04296875 0.05859375 0.10546875 0.08203125 0.04296875 0.20703125 0.01953125 0.05078125 0.04296875 0.04296875 
0.031818181818181815 0.05909090909090909 0.022727272727272728 0.031818181818181815 0.05909090909090909 0.031818181818181815 0.031818181818181815 0.04090909090909091 0.05 0.04090909090909091 0.04090909090909091 0.022727272727272728 0.05 0.04090909090909091 0.022727272727272728 0.31363636363636366 0.022727272727272728 0.031818181818181815 0.022727272727272728 0.031818181818181815 
0.02358490566037736 0.02358490566037736 0.0330188679245283 0.02358490566037736 0.04245283018867924 0.09905660377358491 0.04245283018867924 0.02358490566037736 0.02358490566037736 0.04245283018867924 0.02358490566037736 0.05188679245283019 0.04245283018867924 0.05188679245283019 0.02358490566037736 0.2971698113207547 0.04245283018867924 0.0330188679245283 0.0330188679245283 0.02358490566037736 
0.03741496598639456 0.05102040816326531 0.05102040816326531 0.030612244897959183 0.017006802721088437 0.07142857142857142 0.03741496598639456 0.023809523809523808 0.023809523809523808 0.030612244897959183 0.017006802721088437 0.13945578231292516 0.05782312925170068 0.06462585034013606 0.023809523809523808 0.15306122448979592 0.06462585034013606 0.03741496598639456 0.017006802721088437 0.05102040816326531 
0.03535353535353535 0.05555555555555555 0.045454545454545456 0.03535353535353535 0.025252525252525252 0.08585858585858586 0.03535353535353535 0.025252525252525252 0.025252525252525252 0.045454545454545456 0.045454545454545456 0.025252525252525252 0.045454545454545456 0.05555555555555555 0.045454545454545456 0.22727272727272727 0.025252525252525252 0.045454545454545456 0.045454545454545456 0.025252525252525252 
0.026041666666666668 0.036458333333333336 0.046875 0.026041666666666668 0.026041666666666668 0.06770833333333333 0.036458333333333336 0.057291666666666664 0.026041666666666668 0.06770833333333333 0.036458333333333336 0.036458333333333336 0.026041666666666668 0.046875 0.046875 0.234375 0.026041666666666668 0.046875 0.026041666666666668 0.057291666666666664 
0.029166666666666667 0.029166666666666667 0.029166666666666667 0.0375 0.020833333333333332 0.05416666666666667 0.0625 0.04583333333333333 0.020833333333333332 0.04583333333333333 0.029166666666666667 0.1125 0.0375 0.0625 0.029166666666666667 0.1875 0.07083333333333333 0.029166666666666667 0.029166666666666667 0.0375 
0.04452054794520548 0.030821917808219176 0.023972602739726026 0.023972602739726026 0.017123287671232876 0.06506849315068493 0.030821917808219176 0.017123287671232876 0.023972602739726026 0.05136986301369863 0.10616438356164383 0.030821917808219176 0.03767123287671233 0.03767123287671233 0.030821917808219176 0.2773972602739726 0.030821917808219176 0.030821917808219176 0.07191780821917808 0.017123287671232876 
0.03153153153153153 0.05855855855855856 0.03153153153153153 0.02252252252252252 0.02252252252252252 0.06756756756756757 0.02252252252252252 0.04954954954954955 0.02252252252252252 0.03153153153153153 0.1036036036036036 0.0945945945945946 0.04054054054054054 0.04054054054054054 0.03153153153153153 0.14864864864864866 0.02252252252252252 0.04954954954954955 0.07657657657657657 0.03153153153153153 
0.07835820895522388 0.026119402985074626 0.041044776119402986 0.041044776119402986 0.018656716417910446 0.06343283582089553 0.041044776119402986 0.026119402985074626 0.018656716417910446 0.018656716417910446 0.11567164179104478 0.06343283582089553 0.033582089552238806 0.048507462686567165 0.041044776119402986 0.22014925373134328 0.018656716417910446 0.026119402985074626 0.041044776119402986 0.018656716417910446 
0.02577319587628866 0.04639175257731959 0.02577319587628866 0.02577319587628866 0.02577319587628866 0.04639175257731959 0.04639175257731959 0.03608247422680412 0.03608247422680412 0.04639175257731959 0.12886597938144329 0.03608247422680412 0.03608247422680412 0.04639175257731959 0.04639175257731959 0.19072164948453607 0.03608247422680412 0.04639175257731959 0.03608247422680412 0.03608247422680412 
0.02358490566037736 0.02358490566037736 0.05188679245283019 0.0330188679245283 0.04245283018867924 0.06132075471698113 0.02358490566037736 0.04245283018867924 0.02358490566037736 0.02358490566037736 0.12735849056603774 0.08018867924528301 0.0330188679245283 0.06132075471698113 0.0330188679245283 0.18396226415094338 0.04245283018867924 0.02358490566037736 0.0330188679245283 0.0330188679245283 
0.01968503937007874 0.03543307086614173 0.01968503937007874 0.05905511811023622 0.027559055118110236 0.08267716535433071 0.01968503937007874 0.05905511811023622 0.01968503937007874 0.03543307086614173 0.1062992125984252 0.06692913385826772 0.01968503937007874 0.03543307086614173 0.027559055118110236 0.21653543307086615 0.027559055118110236 0.01968503937007874 0.08267716535433071 0.01968503937007874 
0.023148148148148147 0.023148148148148147 0.023148148148148147 0.032407407407407406 0.023148148148148147 0.0787037037037037 0.032407407407407406 0.032407407407407406 0.032407407407407406 0.06018518518518518 0.2824074074074074 0.041666666666666664 0.023148148148148147 0.032407407407407406 0.041666666666666664 0.032407407407407406 0.06018518518518518 0.041666666666666664 0.06018518518518518 0.023148148148148147 
0.03169014084507042 0.017605633802816902 0.0528169014084507 0.03873239436619718 0.03169014084507042 0.0528169014084507 0.03169014084507042 0.045774647887323945 0.017605633802816902 0.08098591549295775 0.29225352112676056 0.03873239436619718 0.02464788732394366 0.03169014084507042 0.03873239436619718 0.045774647887323945 0.045774647887323945 0.02464788732394366 0.03873239436619718 0.017605633802816902 
0.02717391304347826 0.02717391304347826 0.02717391304347826 0.03804347826086957 0.03804347826086957 0.07065217391304347 0.03804347826086957 0.02717391304347826 0.02717391304347826 0.07065217391304347 0.23369565217391305 0.08152173913043478 0.02717391304347826 0.04891304347826087 0.03804347826086957 0.059782608695652176 0.02717391304347826 0.02717391304347826 0.02717391304347826 0.03804347826086957 
0.02336448598130841 0.02336448598130841 0.03271028037383177 0.07009345794392523 0.02336448598130841 0.0514018691588785 0.02336448598130841 0.03271028037383177 0.11682242990654206 0.10747663551401869 0.0794392523364486 0.02336448598130841 0.06074766355140187 0.0514018691588785 0.03271028037383177 0.0794392523364486 0.03271028037383177 0.07009345794392523 0.04205607476635514 0.02336448598130841 
0.038461538461538464 0.06043956043956044 0.027472527472527472 0.038461538461538464 0.027472527472527472 0.09340659340659341 0.027472527472527472 0.038461538461538464 0.11538461538461539 0.04945054945054945 0.08241758241758242 0.038461538461538464 0.04945054945054945 0.07142857142857142 0.04945054945054945 0.04945054945054945 0.038461538461538464 0.038461538461538464 0.038461538461538464 0.027472527472527472 
0.028455284552845527 0.036585365853658534 0.036585365853658534 0.028455284552845527 0.02032520325203252 0.052845528455284556 0.028455284552845527 0.02032520325203252 0.15853658536585366 0.052845528455284556 0.11788617886178862 0.028455284552845527 0.028455284552845527 0.052845528455284556 0.02032520325203252 0.13414634146341464 0.044715447154471545 0.052845528455284556 0.028455284552845527 0.028455284552845527 
0.05172413793103448 0.028735632183908046 0.040229885057471264 0.028735632183908046 0.028735632183908046 0.028735632183908046 0.040229885057471264 0.028735632183908046 0.028735632183908046 0.05172413793103448 0.1781609195402299 0.028735632183908046 0.07471264367816093 0.040229885057471264 0.05172413793103448 0.040229885057471264 0.09770114942528736 0.028735632183908046 0.040229885057471264 0.06321839080459771 
0.06395348837209303 0.040697674418604654 0.040697674418604654 0.029069767441860465 0.05232558139534884 0.0755813953488372 0.029069767441860465 0.040697674418604654 0.06395348837209303 0.0872093023255814 0.09883720930232558 0.029069767441860465 0.0755813953488372 0.05232558139534884 0.040697674418604654 0.029069767441860465 0.040697674418604654 0.05232558139534884 0.029069767441860465 0.029069767441860465 
0.06716417910447761 0.03731343283582089 0.06716417910447761 0.03731343283582089 0.06716417910447761 0.03731343283582089 0.03731343283582089 0.03731343283582089 0.03731343283582089 0.05223880597014925 0.11194029850746269 0.05223880597014925 0.05223880597014925 0.03731343283582089 0.03731343283582089 0.03731343283582089 0.05223880597014925 0.03731343283582089 0.06716417910447761 0.03731343283582089 
0.029069767441860465 0.040697674418604654 0.040697674418604654 0.040697674418604654 0.06395348837209303 0.040697674418604654 0.029069767441860465 0.029069767441860465 0.05232558139534884 0.0872093023255814 0.18023255813953487 0.040697674418604654 0.029069767441860465 0.040697674418604654 0.029069767441860465 0.040697674418604654 0.040697674418604654 0.040697674418604654 0.0755813953488372 0.029069767441860465 
0.03535353535353535 0.03535353535353535 0.025252525252525252 0.025252525252525252 0.03535353535353535 0.025252525252525252 0.03535353535353535 0.03535353535353535 0.03535353535353535 0.06565656565656566 0.29797979797979796 0.025252525252525252 0.03535353535353535 0.03535353535353535 0.03535353535353535 0.06565656565656566 0.05555555555555555 0.045454545454545456 0.025252525252525252 0.025252525252525252 
0.06640625 0.03515625 0.01953125 0.04296875 0.02734375 0.03515625 0.02734375 0.02734375 0.03515625 0.09765625 0.28515625 0.04296875 0.02734375 0.01953125 0.04296875 0.01953125 0.04296875 0.05078125 0.02734375 0.02734375 
0.028 0.02 0.1 0.036 0.02 0.028 0.028 0.036 0.052 0.044 0.188 0.06 0.02 0.092 0.028 0.02 0.076 0.036 0.06 0.028 
0.03535353535353535 0.05555555555555555 0.07575757575757576 0.07575757575757576 0.025252525252525252 0.10606060606060606 0.025252525252525252 0.025252525252525252 0.025252525252525252 0.05555555555555555 0.11616161616161616 0.05555555555555555 0.03535353535353535 0.06565656565656566 0.025252525252525252 0.03535353535353535 0.025252525252525252 0.025252525252525252 0.08585858585858586 0.025252525252525252 
0.05392156862745098 0.024509803921568627 0.07352941176470588 0.04411764705882353 0.024509803921568627 0.10294117647058823 0.03431372549019608 0.024509803921568627 0.03431372549019608 0.06372549019607843 0.18137254901960784 0.05392156862745098 0.024509803921568627 0.024509803921568627 0.024509803921568627 0.03431372549019608 0.06372549019607843 0.03431372549019608 0.05392156862745098 0.024509803921568627 
0.025252525252525252 0.025252525252525252 0.03535353535353535 0.03535353535353535 0.025252525252525252 0.03535353535353535 0.025252525252525252 0.03535353535353535 0.03535353535353535 0.06565656565656566 0.08585858585858586 0.03535353535353535 0.045454545454545456 0.21717171717171718 0.045454545454545456 0.045454545454545456 0.05555555555555555 0.05555555555555555 0.045454545454545456 0.025252525252525252 
0.04609929078014184 0.031914893617021274 0.031914893617021274 0.031914893617021274 0.01773049645390071 0.01773049645390071 0.024822695035460994 0.01773049645390071 0.031914893617021274 0.05319148936170213 0.2730496453900709 0.031914893617021274 0.01773049645390071 0.13829787234042554 0.024822695035460994 0.03900709219858156 0.01773049645390071 0.03900709219858156 0.08156028368794327 0.031914893617021274 
0.017241379310344827 0.03103448275862069 0.07241379310344828 0.017241379310344827 0.017241379310344827 0.03103448275862069 0.017241379310344827 0.017241379310344827 0.02413793103448276 0.05862068965517241 0.24482758620689654 0.017241379310344827 0.03103448275862069 0.1 0.04482758620689655 0.017241379310344827 0.05172413793103448 0.03103448275862069 0.1413793103448276 0.017241379310344827 
0.03333333333333333 0.03333333333333333 0.03333333333333333 0.03333333333333333 0.04666666666666667 0.06 0.03333333333333333 0.03333333333333333 0.06 0.03333333333333333 0.06 0.07333333333333333 0.03333333333333333 0.08666666666666667 0.04666666666666667 0.06 0.04666666666666667 0.06 0.1 0.03333333333333333 
0.06934306569343066 0.05474452554744526 0.05474452554744526 0.040145985401459854 0.01824817518248175 0.025547445255474453 0.04744525547445255 0.025547445255474453 0.025547445255474453 0.025547445255474453 0.06204379562043796 0.14963503649635038 0.01824817518248175 0.09124087591240876 0.05474452554744526 0.05474452554744526 0.06204379562043796 0.025547445255474453 0.07664233576642336 0.01824817518248175 
0.028089887640449437 0.028089887640449437 0.06179775280898876 0.028089887640449437 0.028089887640449437 0.028089887640449437 0.028089887640449437 0.06179775280898876 0.03932584269662921 0.028089887640449437 0.09550561797752809 0.07303370786516854 0.028089887640449437 0.03932584269662921 0.06179775280898876 0.06179775280898876 0.028089887640449437 0.028089887640449437 0.1853932584269663 0.03932584269662921 
0.047872340425531915 0.026595744680851064 0.05851063829787234 0.026595744680851064 0.047872340425531915 0.05851063829787234 0.047872340425531915 0.026595744680851064 0.026595744680851064 0.03723404255319149 0.047872340425531915 0.03723404255319149 0.09042553191489362 0.06914893617021277 0.026595744680851064 0.026595744680851064 0.16489361702127658 0.03723404255319149 0.047872340425531915 0.047872340425531915 
0.08712121212121213 0.04924242424242424 0.056818181818181816 0.041666666666666664 0.01893939393939394 0.06439393939393939 0.03409090909090909 0.026515151515151516 0.01893939393939394 0.07954545454545454 0.026515151515151516 0.07196969696969698 0.125 0.04924242424242424 0.07196969696969698 0.026515151515151516 0.04924242424242424 0.03409090909090909 0.03409090909090909 0.03409090909090909 
0.026119402985074626 0.033582089552238806 0.055970149253731345 0.07835820895522388 0.018656716417910446 0.033582089552238806 0.055970149253731345 0.026119402985074626 0.026119402985074626 0.07835820895522388 0.06343283582089553 0.06343283582089553 0.10074626865671642 0.06343283582089553 0.041044776119402986 0.026119402985074626 0.10820895522388059 0.026119402985074626 0.055970149253731345 0.018656716417910446 
0.04487179487179487 0.26282051282051283 0.057692307692307696 0.03205128205128205 0.057692307692307696 0.03205128205128205 0.03205128205128205 0.03205128205128205 0.03205128205128205 0.03205128205128205 0.04487179487179487 0.04487179487179487 0.03205128205128205 0.04487179487179487 0.03205128205128205 0.04487179487179487 0.03205128205128205 0.03205128205128205 0.03205128205128205 0.04487179487179487 
0.021367521367521368 0.24358974358974358 0.029914529914529916 0.038461538461538464 0.04700854700854701 0.05555555555555555 0.021367521367521368 0.038461538461538464 0.021367521367521368 0.021367521367521368 0.05555555555555555 0.05555555555555555 0.038461538461538464 0.029914529914529916 0.029914529914529916 0.0641025641025641 0.08974358974358974 0.029914529914529916 0.038461538461538464 0.029914529914529916 
0.05327868852459016 0.29918032786885246 0.036885245901639344 0.036885245901639344 0.028688524590163935 0.028688524590163935 0.020491803278688523 0.020491803278688523 0.020491803278688523 0.11885245901639344 0.036885245901639344 0.05327868852459016 0.045081967213114756 0.028688524590163935 0.020491803278688523 0.028688524590163935 0.020491803278688523 0.036885245901639344 0.036885245901639344 0.028688524590163935 
0.03982300884955752 0.252212389380531 0.048672566371681415 0.022123893805309734 0.05752212389380531 0.03982300884955752 0.030973451327433628 0.022123893805309734 0.022123893805309734 0.030973451327433628 0.048672566371681415 0.0752212389380531 0.048672566371681415 0.05752212389380531 0.022123893805309734 0.048672566371681415 0.03982300884955752 0.030973451327433628 0.030973451327433628 0.030973451327433628 
0.026717557251908396 0.2862595419847328 0.03435114503816794 0.026717557251908396 0.04198473282442748 0.026717557251908396 0.04198473282442748 0.03435114503816794 0.03435114503816794 0.019083969465648856 0.03435114503816794 0.04961832061068702 0.04961832061068702 0.05725190839694656 0.03435114503816794 0.04198473282442748 0.05725190839694656 0.019083969465648856 0.04961832061068702 0.03435114503816794 
0.032467532467532464 0.2792207792207792 0.032467532467532464 0.032467532467532464 0.07142857142857142 0.032467532467532464 0.032467532467532464 0.032467532467532464 0.032467532467532464 0.045454545454545456 0.032467532467532464 0.032467532467532464 0.032467532467532464 0.045454545454545456 0.032467532467532464 0.05844155844155844 0.032467532467532464 0.045454545454545456 0.032467532467532464 0.032467532467532464 
0.03515625 0.21484375 0.04296875 0.03515625 0.02734375 0.01953125 0.02734375 0.01953125 0.01953125 0.04296875 0.02734375 0.03515625 0.03515625 0.03515625 0.05078125 0.05078125 0.16015625 0.02734375 0.04296875 0.05078125 
0.026923076923076925 0.03461538461538462 0.05 0.03461538461538462 0.026923076923076925 0.07307692307692308 0.22692307692307692 0.026923076923076925 0.03461538461538462 0.03461538461538462 0.05 0.03461538461538462 0.026923076923076925 0.11153846153846154 0.04230769230769231 0.05 0.026923076923076925 0.026923076923076925 0.03461538461538462 0.026923076923076925 
0.02577319587628866 0.07731958762886598 0.03608247422680412 0.03608247422680412 0.03608247422680412 0.11855670103092783 0.17010309278350516 0.03608247422680412 0.02577319587628866 0.02577319587628866 0.02577319587628866 0.04639175257731959 0.05670103092783505 0.02577319587628866 0.04639175257731959 0.05670103092783505 0.03608247422680412 0.04639175257731959 0.04639175257731959 0.02577319587628866 
0.023972602739726026 0.017123287671232876 0.06506849315068493 0.04452054794520548 0.05136986301369863 0.11301369863013698 0.21575342465753425 0.023972602739726026 0.03767123287671233 0.08561643835616438 0.03767123287671233 0.04452054794520548 0.05136986301369863 0.017123287671232876 0.017123287671232876 0.03767123287671233 0.03767123287671233 0.03767123287671233 0.017123287671232876 0.023972602739726026 
0.03398058252427184 0.03398058252427184 0.024271844660194174 0.024271844660194174 0.03398058252427184 0.0825242718446602 0.05339805825242718 0.03398058252427184 0.024271844660194174 0.06310679611650485 0.16990291262135923 0.0825242718446602 0.024271844660194174 0.07281553398058252 0.03398058252427184 0.024271844660194174 0.024271844660194174 0.05339805825242718 0.06310679611650485 0.043689320388349516 
0.05113636363636364 0.028409090909090908 0.028409090909090908 0.03977272727272727 0.028409090909090908 0.03977272727272727 0.07386363636363637 0.028409090909090908 0.028409090909090908 0.05113636363636364 0.19886363636363635 0.05113636363636364 0.03977272727272727 0.05113636363636364 0.028409090909090908 0.028409090909090908 0.05113636363636364 0.07386363636363637 0.028409090909090908 0.05113636363636364 
0.03435114503816794 0.026717557251908396 0.04961832061068702 0.04198473282442748 0.019083969465648856 0.1183206106870229 0.026717557251908396 0.04961832061068702 0.019083969465648856 0.05725190839694656 0.2099236641221374 0.0648854961832061 0.04961832061068702 0.04961832061068702 0.019083969465648856 0.026717557251908396 0.026717557251908396 0.03435114503816794 0.04198473282442748 0.03435114503816794 
0.01824817518248175 0.01824817518248175 0.032846715328467155 0.06204379562043796 0.025547445255474453 0.032846715328467155 0.032846715328467155 0.025547445255474453 0.025547445255474453 0.032846715328467155 0.3029197080291971 0.05474452554744526 0.025547445255474453 0.06934306569343066 0.032846715328467155 0.06204379562043796 0.06934306569343066 0.025547445255474453 0.032846715328467155 0.01824817518248175 
0.02336448598130841 0.0514018691588785 0.03271028037383177 0.07009345794392523 0.03271028037383177 0.03271028037383177 0.0514018691588785 0.03271028037383177 0.03271028037383177 0.03271028037383177 0.1542056074766355 0.06074766355140187 0.03271028037383177 0.0514018691588785 0.07009345794392523 0.02336448598130841 0.07009345794392523 0.07009345794392523 0.0514018691588785 0.02336448598130841 
0.03153153153153153 0.02252252252252252 0.04054054054054054 0.04954954954954955 0.04954954954954955 0.02252252252252252 0.02252252252252252 0.03153153153153153 0.03153153153153153 0.04054054054054054 0.16666666666666666 0.13063063063063063 0.04954954954954955 0.02252252252252252 0.03153153153153153 0.04054054054054054 0.11261261261261261 0.04054054054054054 0.03153153153153153 0.03153153153153153 
0.028 0.06 0.036 0.044 0.02 0.036 0.02 0.028 0.076 0.076 0.18 0.068 0.02 0.076 0.028 0.02 0.068 0.044 0.052 0.02 
0.04945054945054945 0.027472527472527472 0.038461538461538464 0.04945054945054945 0.027472527472527472 0.07142857142857142 0.027472527472527472 0.027472527472527472 0.027472527472527472 0.04945054945054945 0.15934065934065933 0.038461538461538464 0.027472527472527472 0.07142857142857142 0.027472527472527472 0.038461538461538464 0.07142857142857142 0.07142857142857142 0.027472527472527472 0.07142857142857142 
0.017857142857142856 0.04642857142857143 0.039285714285714285 0.039285714285714285 0.04642857142857143 0.04642857142857143 0.060714285714285714 0.017857142857142856 0.03214285714285714 0.03214285714285714 0.21071428571428572 0.11071428571428571 0.039285714285714285 0.03214285714285714 0.025 0.039285714285714285 0.06785714285714285 0.03214285714285714 0.025 0.039285714285714285 
0.029411764705882353 0.0546218487394958 0.046218487394957986 0.06302521008403361 0.046218487394957986 0.06302521008403361 0.029411764705882353 0.037815126050420166 0.037815126050420166 0.0546218487394958 0.21428571428571427 0.046218487394957986 0.02100840336134454 0.037815126050420166 0.029411764705882353 0.02100840336134454 0.0546218487394958 0.046218487394957986 0.029411764705882353 0.037815126050420166 
0.03691275167785235 0.11073825503355705 0.02348993288590604 0.030201342281879196 0.016778523489932886 0.06375838926174497 0.03691275167785235 0.03691275167785235 0.030201342281879196 0.030201342281879196 0.1644295302013423 0.030201342281879196 0.02348993288590604 0.016778523489932886 0.03691275167785235 0.030201342281879196 0.12416107382550336 0.07718120805369127 0.030201342281879196 0.050335570469798654 
0.025510204081632654 0.03571428571428571 0.05612244897959184 0.025510204081632654 0.03571428571428571 0.12755102040816327 0.025510204081632654 0.025510204081632654 0.03571428571428571 0.03571428571428571 0.20918367346938777 0.03571428571428571 0.025510204081632654 0.04591836734693878 0.025510204081632654 0.03571428571428571 0.05612244897959184 0.025510204081632654 0.07653061224489796 0.03571428571428571 
0.04245283018867924 0.0330188679245283 0.04245283018867924 0.07075471698113207 0.05188679245283019 0.04245283018867924 0.05188679245283019 0.0330188679245283 0.05188679245283019 0.07075471698113207 0.18396226415094338 0.02358490566037736 0.02358490566037736 0.04245283018867924 0.0330188679245283 0.02358490566037736 0.05188679245283019 0.05188679245283019 0.05188679245283019 0.02358490566037736 
0.024271844660194174 0.024271844660194174 0.03398058252427184 0.024271844660194174 0.07281553398058252 0.03398058252427184 0.043689320388349516 0.024271844660194174 0.06310679611650485 0.043689320388349516 0.18932038834951456 0.024271844660194174 0.024271844660194174 0.03398058252427184 0.043689320388349516 0.05339805825242718 0.09223300970873786 0.07281553398058252 0.043689320388349516 0.03398058252427184 
0.0371900826446281 0.0371900826446281 0.0371900826446281 0.02066115702479339 0.07851239669421488 0.028925619834710745 0.06198347107438017 0.05371900826446281 0.028925619834710745 0.07024793388429752 0.17768595041322313 0.0371900826446281 0.02066115702479339 0.028925619834710745 0.05371900826446281 0.05371900826446281 0.07024793388429752 0.02066115702479339 0.0371900826446281 0.045454545454545456 
0.0625 0.028409090909090908 0.028409090909090908 0.028409090909090908 0.028409090909090908 0.03977272727272727 0.028409090909090908 0.0625 0.03977272727272727 0.08522727272727272 0.16477272727272727 0.03977272727272727 0.03977272727272727 0.05113636363636364 0.05113636363636364 0.05113636363636364 0.028409090909090908 0.0625 0.03977272727272727 0.03977272727272727 
0.04924242424242424 0.01893939393939394 0.041666666666666664 0.01893939393939394 0.056818181818181816 0.01893939393939394 0.04924242424242424 0.01893939393939394 0.041666666666666664 0.14015151515151514 0.20075757575757575 0.041666666666666664 0.041666666666666664 0.04924242424242424 0.026515151515151516 0.03409090909090909 0.056818181818181816 0.01893939393939394 0.056818181818181816 0.01893939393939394 
0.06209150326797386 0.042483660130718956 0.042483660130718956 0.029411764705882353 0.016339869281045753 0.05555555555555555 0.016339869281045753 0.016339869281045753 0.049019607843137254 0.12091503267973856 0.18627450980392157 0.11437908496732026 0.02287581699346405 0.07516339869281045 0.016339869281045753 0.016339869281045753 0.03594771241830065 0.016339869281045753 0.042483660130718956 0.02287581699346405 
0.03211009174311927 0.022935779816513763 0.04128440366972477 0.05045871559633028 0.0871559633027523 0.04128440366972477 0.03211009174311927 0.05045871559633028 0.022935779816513763 0.05045871559633028 0.15137614678899083 0.03211009174311927 0.022935779816513763 0.022935779816513763 0.11467889908256881 0.05045871559633028 0.05963302752293578 0.03211009174311927 0.05045871559633028 0.03211009174311927 
0.03608247422680412 0.04639175257731959 0.05670103092783505 0.0979381443298969 0.06701030927835051 0.03608247422680412 0.02577319587628866 0.04639175257731959 0.04639175257731959 0.07731958762886598 0.08762886597938144 0.03608247422680412 0.04639175257731959 0.02577319587628866 0.02577319587628866 0.04639175257731959 0.07731958762886598 0.02577319587628866 0.05670103092783505 0.03608247422680412 
0.024752475247524754 0.054455445544554455 0.06435643564356436 0.054455445544554455 0.054455445544554455 0.034653465346534656 0.054455445544554455 0.034653465346534656 0.024752475247524754 0.11386138613861387 0.11386138613861387 0.034653465346534656 0.04455445544554455 0.034653465346534656 0.024752475247524754 0.034653465346534656 0.054455445544554455 0.07425742574257425 0.034653465346534656 0.034653465346534656 
0.04929577464788732 0.035211267605633804 0.035211267605633804 0.035211267605633804 0.035211267605633804 0.035211267605633804 0.04929577464788732 0.035211267605633804 0.035211267605633804 0.04929577464788732 0.2605633802816901 0.035211267605633804 0.035211267605633804 0.035211267605633804 0.035211267605633804 0.035211267605633804 0.04929577464788732 0.04929577464788732 0.035211267605633804 0.035211267605633804 
0.05 0.03571428571428571 0.05 0.03571428571428571 0.03571428571428571 0.05 0.05 0.03571428571428571 0.03571428571428571 0.03571428571428571 0.17857142857142858 0.03571428571428571 0.05 0.03571428571428571 0.05 0.03571428571428571 0.06428571428571428 0.03571428571428571 0.06428571428571428 0.03571428571428571 
0.0663265306122449 0.03571428571428571 0.05612244897959184 0.05612244897959184 0.025510204081632654 0.03571428571428571 0.03571428571428571 0.04591836734693878 0.0663265306122449 0.0663265306122449 0.17857142857142858 0.025510204081632654 0.03571428571428571 0.03571428571428571 0.025510204081632654 0.025510204081632654 0.07653061224489796 0.025510204081632654 0.04591836734693878 0.03571428571428571 
0.030973451327433628 0.03982300884955752 0.0752212389380531 0.022123893805309734 0.05752212389380531 0.022123893805309734 0.022123893805309734 0.030973451327433628 0.030973451327433628 0.030973451327433628 0.22566371681415928 0.03982300884955752 0.048672566371681415 0.03982300884955752 0.030973451327433628 0.03982300884955752 0.03982300884955752 0.0752212389380531 0.0752212389380531 0.022123893805309734 
0.019083969465648856 0.026717557251908396 0.12595419847328243 0.03435114503816794 0.026717557251908396 0.05725190839694656 0.04961832061068702 0.019083969465648856 0.03435114503816794 0.026717557251908396 0.2099236641221374 0.05725190839694656 0.0648854961832061 0.05725190839694656 0.026717557251908396 0.019083969465648856 0.04198473282442748 0.026717557251908396 0.03435114503816794 0.04198473282442748 
0.04263565891472868 0.03488372093023256 0.07364341085271318 0.027131782945736434 0.03488372093023256 0.06589147286821706 0.04263565891472868 0.06589147286821706 0.03488372093023256 0.027131782945736434 0.2441860465116279 0.050387596899224806 0.03488372093023256 0.01937984496124031 0.027131782945736434 0.03488372093023256 0.050387596899224806 0.027131782945736434 0.04263565891472868 0.01937984496124031 
0.024752475247524754 0.034653465346534656 0.06435643564356436 0.04455445544554455 0.04455445544554455 0.07425742574257425 0.034653465346534656 0.034653465346534656 0.034653465346534656 0.04455445544554455 0.18316831683168316 0.06435643564356436 0.06435643564356436 0.034653465346534656 0.034653465346534656 0.024752475247524754 0.04455445544554455 0.024752475247524754 0.06435643564356436 0.024752475247524754 
0.045081967213114756 0.028688524590163935 0.036885245901639344 0.0860655737704918 0.028688524590163935 0.06147540983606557 0.045081967213114756 0.036885245901639344 0.10245901639344263 0.028688524590163935 0.18442622950819673 0.036885245901639344 0.028688524590163935 0.028688524590163935 0.028688524590163935 0.028688524590163935 0.036885245901639344 0.036885245901639344 0.045081967213114756 0.045081967213114756 
