0.04230769230769231 0.07307692307692308 0.026923076923076925 0.03461538461538462 0.04230769230769231 0.026923076923076925 0.06538461538461539 0.04230769230769231 0.04230769230769231 0.03461538461538462 0.18076923076923077 0.026923076923076925 0.08846153846153847 0.019230769230769232 0.019230769230769232 0.04230769230769231 0.03461538461538462 0.057692307692307696 0.06538461538461539 0.03461538461538462 
0.037815126050420166 0.029411764705882353 0.06302521008403361 0.037815126050420166 0.02100840336134454 0.02100840336134454 0.046218487394957986 0.037815126050420166 0.029411764705882353 0.13025210084033614 0.09663865546218488 0.029411764705882353 0.10504201680672269 0.029411764705882353 0.037815126050420166 0.037815126050420166 0.046218487394957986 0.07142857142857142 0.06302521008403361 0.029411764705882353 
0.0963302752293578 0.06880733944954129 0.06880733944954129 0.04128440366972477 0.022935779816513763 0.022935779816513763 0.022935779816513763 0.03211009174311927 0.04128440366972477 0.05045871559633028 0.10550458715596331 0.05963302752293578 0.05963302752293578 0.06880733944954129 0.04128440366972477 0.04128440366972477 0.05045871559633028 0.05045871559633028 0.03211009174311927 0.022935779816513763 
0.052884615384615384 0.03365384615384615 0.10096153846153846 0.02403846153846154 0.02403846153846154 0.02403846153846154 0.03365384615384615 0.03365384615384615 0.03365384615384615 0.07211538461538461 0.1201923076923077 0.07211538461538461 0.07211538461538461 0.03365384615384615 0.04326923076923077 0.03365384615384615 0.0625 0.04326923076923077 0.052884615384615384 0.03365384615384615 
0.05092592592592592 0.023148148148148147 0.041666666666666664 0.06944444444444445 0.032407407407407406 0.023148148148148147 0.06944444444444445 0.05092592592592592 0.023148148148148147 0.05092592592592592 0.05092592592592592 0.05092592592592592 0.032407407407407406 0.05092592592592592 0.041666666666666664 0.125 0.06018518518518518 0.041666666666666664 0.0787037037037037 0.032407407407407406 
0.06701030927835051 0.02577319587628866 0.02577319587628866 0.04639175257731959 0.02577319587628866 0.03608247422680412 0.03608247422680412 0.03608247422680412 0.02577319587628866 0.08762886597938144 0.03608247422680412 0.03608247422680412 0.06701030927835051 0.03608247422680412 0.04639175257731959 0.18041237113402062 0.06701030927835051 0.02577319587628866 0.06701030927835051 0.02577319587628866 
0.06372549019607843 0.04411764705882353 0.08333333333333333 0.06372549019607843 0.03431372549019608 0.03431372549019608 0.04411764705882353 0.03431372549019608 0.024509803921568627 0.03431372549019608 0.04411764705882353 0.04411764705882353 0.03431372549019608 0.05392156862745098 0.024509803921568627 0.14215686274509803 0.04411764705882353 0.03431372549019608 0.07352941176470588 0.04411764705882353 
0.02631578947368421 0.03684210526315789 0.07894736842105263 0.07894736842105263 0.03684210526315789 0.05789473684210526 0.02631578947368421 0.02631578947368421 0.02631578947368421 0.05789473684210526 0.21578947368421053 0.05789473684210526 0.04736842105263158 0.02631578947368421 0.02631578947368421 0.03684210526315789 0.04736842105263158 0.03684210526315789 0.02631578947368421 0.02631578947368421 
0.02403846153846154 0.02403846153846154 0.052884615384615384 0.052884615384615384 0.02403846153846154 0.03365384615384615 0.04326923076923077 0.02403846153846154 0.03365384615384615 0.09134615384615384 0.14903846153846154 0.07211538461538461 0.07211538461538461 0.04326923076923077 0.03365384615384615 0.04326923076923077 0.04326923076923077 0.04326923076923077 0.0625 0.03365384615384615 
0.034722222222222224 0.034722222222222224 0.04861111111111111 0.0625 0.034722222222222224 0.034722222222222224 0.0625 0.034722222222222224 0.034722222222222224 0.034722222222222224 0.1597222222222222 0.09027777777777778 0.04861111111111111 0.034722222222222224 0.034722222222222224 0.0625 0.034722222222222224 0.04861111111111111 0.034722222222222224 0.034722222222222224 
0.04421768707482993 0.0782312925170068 0.023809523809523808 0.06462585034013606 0.05102040816326531 0.030612244897959183 0.017006802721088437 0.05782312925170068 0.15306122448979592 0.05102040816326531 0.017006802721088437 0.04421768707482993 0.13945578231292516 0.03741496598639456 0.030612244897959183 0.023809523809523808 0.05782312925170068 0.030612244897959183 0.017006802721088437 0.030612244897959183 
0.04330708661417323 0.051181102362204724 0.06692913385826772 0.04330708661417323 0.04330708661417323 0.05905511811023622 0.01968503937007874 0.01968503937007874 0.08267716535433071 0.027559055118110236 0.051181102362204724 0.04330708661417323 0.027559055118110236 0.051181102362204724 0.01968503937007874 0.06692913385826772 0.06692913385826772 0.09055118110236221 0.051181102362204724 0.07480314960629922 
0.03 0.08333333333333333 0.09 0.016666666666666666 0.03 0.016666666666666666 0.05 0.016666666666666666 0.09 0.09 0.023333333333333334 0.056666666666666664 0.05 0.05 0.043333333333333335 0.07666666666666666 0.05 0.03666666666666667 0.03 0.07 
0.016891891891891893 0.030405405405405407 0.08445945945945946 0.037162162162162164 0.02364864864864865 0.016891891891891893 0.037162162162162164 0.030405405405405407 0.11824324324324324 0.0777027027027027 0.07094594594594594 0.016891891891891893 0.11824324324324324 0.030405405405405407 0.057432432432432436 0.04391891891891892 0.07094594594594594 0.016891891891891893 0.06418918918918919 0.037162162162162164 
0.021929824561403508 0.021929824561403508 0.021929824561403508 0.021929824561403508 0.021929824561403508 0.03070175438596491 0.039473684210526314 0.03070175438596491 0.11842105263157894 0.07456140350877193 0.03070175438596491 0.03070175438596491 0.06578947368421052 0.021929824561403508 0.039473684210526314 0.08333333333333333 0.12719298245614036 0.07456140350877193 0.039473684210526314 0.08333333333333333 
0.027131782945736434 0.05813953488372093 0.050387596899224806 0.027131782945736434 0.04263565891472868 0.05813953488372093 0.03488372093023256 0.01937984496124031 0.10465116279069768 0.08139534883720931 0.03488372093023256 0.03488372093023256 0.1434108527131783 0.03488372093023256 0.01937984496124031 0.03488372093023256 0.07364341085271318 0.03488372093023256 0.027131782945736434 0.05813953488372093 
0.03684210526315789 0.05789473684210526 0.03684210526315789 0.02631578947368421 0.04736842105263158 0.08947368421052632 0.04736842105263158 0.02631578947368421 0.03684210526315789 0.05789473684210526 0.02631578947368421 0.03684210526315789 0.03684210526315789 0.05789473684210526 0.04736842105263158 0.1736842105263158 0.03684210526315789 0.03684210526315789 0.03684210526315789 0.04736842105263158 
0.046218487394957986 0.029411764705882353 0.08823529411764706 0.037815126050420166 0.0546218487394958 0.046218487394957986 0.037815126050420166 0.02100840336134454 0.0546218487394958 0.037815126050420166 0.0546218487394958 0.037815126050420166 0.029411764705882353 0.037815126050420166 0.029411764705882353 0.13865546218487396 0.06302521008403361 0.0546218487394958 0.07142857142857142 0.029411764705882353 
0.022123893805309734 0.022123893805309734 0.03982300884955752 0.030973451327433628 0.048672566371681415 0.03982300884955752 0.022123893805309734 0.05752212389380531 0.05752212389380531 0.048672566371681415 0.10176991150442478 0.030973451327433628 0.022123893805309734 0.0752212389380531 0.022123893805309734 0.14601769911504425 0.084070796460177 0.022123893805309734 0.05752212389380531 0.048672566371681415 
0.016339869281045753 0.02287581699346405 0.02287581699346405 0.11437908496732026 0.016339869281045753 0.16666666666666666 0.029411764705882353 0.016339869281045753 0.029411764705882353 0.02287581699346405 0.03594771241830065 0.05555555555555555 0.07516339869281045 0.03594771241830065 0.10784313725490197 0.10130718954248366 0.08169934640522876 0.016339869281045753 0.016339869281045753 0.016339869281045753 
0.03741496598639456 0.0782312925170068 0.030612244897959183 0.08503401360544217 0.04421768707482993 0.1870748299319728 0.023809523809523808 0.017006802721088437 0.030612244897959183 0.023809523809523808 0.05102040816326531 0.017006802721088437 0.05102040816326531 0.023809523809523808 0.05782312925170068 0.11224489795918367 0.04421768707482993 0.023809523809523808 0.030612244897959183 0.030612244897959183 
0.025139664804469275 0.05307262569832402 0.036312849162011177 0.10335195530726257 0.019553072625698324 0.20391061452513967 0.05865921787709497 0.013966480446927373 0.025139664804469275 0.04748603351955307 0.06424581005586592 0.025139664804469275 0.04748603351955307 0.06983240223463687 0.030726256983240222 0.09776536312849161 0.025139664804469275 0.019553072625698324 0.019553072625698324 0.013966480446927373 
0.03869047619047619 0.06845238095238096 0.09226190476190477 0.11011904761904762 0.020833333333333332 0.16964285714285715 0.03273809523809524 0.020833333333333332 0.026785714285714284 0.050595238095238096 0.01488095238095238 0.050595238095238096 0.020833333333333332 0.03869047619047619 0.026785714285714284 0.09821428571428571 0.020833333333333332 0.03869047619047619 0.03869047619047619 0.020833333333333332 
0.028 0.06 0.036 0.06 0.028 0.236 0.028 0.028 0.036 0.02 0.036 0.036 0.06 0.036 0.06 0.076 0.068 0.02 0.02 0.028 
0.05078125 0.04296875 0.05078125 0.07421875 0.05078125 0.19140625 0.01953125 0.02734375 0.02734375 0.01953125 0.02734375 0.06640625 0.03515625 0.02734375 0.05859375 0.09765625 0.03515625 0.01953125 0.01953125 0.05859375 
0.03070175438596491 0.021929824561403508 0.039473684210526314 0.12719298245614036 0.021929824561403508 0.021929824561403508 0.04824561403508772 0.03070175438596491 0.03070175438596491 0.03070175438596491 0.039473684210526314 0.021929824561403508 0.06578947368421052 0.06578947368421052 0.03070175438596491 0.17982456140350878 0.021929824561403508 0.04824561403508772 0.09210526315789473 0.03070175438596491 
0.02631578947368421 0.018796992481203006 0.03383458646616541 0.02631578947368421 0.03383458646616541 0.018796992481203006 0.041353383458646614 0.04887218045112782 0.018796992481203006 0.02631578947368421 0.02631578947368421 0.04887218045112782 0.12406015037593984 0.12406015037593984 0.03383458646616541 0.22180451127819548 0.05639097744360902 0.02631578947368421 0.018796992481203006 0.02631578947368421 
0.01953125 0.03515625 0.05859375 0.01953125 0.07421875 0.02734375 0.01953125 0.05078125 0.02734375 0.05078125 0.01953125 0.02734375 0.14453125 0.08984375 0.01953125 0.17578125 0.02734375 0.01953125 0.05078125 0.04296875 
0.022727272727272728 0.05 0.022727272727272728 0.031818181818181815 0.05 0.05 0.05 0.031818181818181815 0.031818181818181815 0.06818181818181818 0.031818181818181815 0.022727272727272728 0.07727272727272727 0.04090909090909091 0.031818181818181815 0.2590909090909091 0.04090909090909091 0.022727272727272728 0.04090909090909091 0.022727272727272728 
0.02358490566037736 0.02358490566037736 0.0330188679245283 0.0330188679245283 0.04245283018867924 0.12735849056603774 0.05188679245283019 0.0330188679245283 0.02358490566037736 0.04245283018867924 0.02358490566037736 0.05188679245283019 0.04245283018867924 0.05188679245283019 0.05188679245283019 0.19339622641509435 0.0330188679245283 0.05188679245283019 0.04245283018867924 0.02358490566037736 
0.030612244897959183 0.03741496598639456 0.06462585034013606 0.017006802721088437 0.023809523809523808 0.05102040816326531 0.017006802721088437 0.017006802721088437 0.03741496598639456 0.04421768707482993 0.04421768707482993 0.11904761904761904 0.05102040816326531 0.030612244897959183 0.07142857142857142 0.19387755102040816 0.023809523809523808 0.04421768707482993 0.030612244897959183 0.05102040816326531 
0.025252525252525252 0.06565656565656566 0.025252525252525252 0.025252525252525252 0.025252525252525252 0.10606060606060606 0.045454545454545456 0.045454545454545456 0.03535353535353535 0.06565656565656566 0.025252525252525252 0.045454545454545456 0.03535353535353535 0.045454545454545456 0.025252525252525252 0.21717171717171718 0.05555555555555555 0.025252525252525252 0.03535353535353535 0.025252525252525252 
0.026041666666666668 0.026041666666666668 0.078125 0.026041666666666668 0.046875 0.08854166666666667 0.036458333333333336 0.06770833333333333 0.026041666666666668 0.036458333333333336 0.036458333333333336 0.06770833333333333 0.026041666666666668 0.046875 0.026041666666666668 0.19270833333333334 0.036458333333333336 0.026041666666666668 0.036458333333333336 0.046875 
0.04583333333333333 0.0375 0.04583333333333333 0.029166666666666667 0.020833333333333332 0.0625 0.0375 0.0375 0.020833333333333332 0.07083333333333333 0.0375 0.05416666666666667 0.04583333333333333 0.05416666666666667 0.0375 0.22916666666666666 0.05416666666666667 0.029166666666666667 0.029166666666666667 0.020833333333333332 
0.03767123287671233 0.06506849315068493 0.023972602739726026 0.05136986301369863 0.017123287671232876 0.07191780821917808 0.017123287671232876 0.023972602739726026 0.03767123287671233 0.03767123287671233 0.07876712328767123 0.017123287671232876 0.09931506849315068 0.030821917808219176 0.017123287671232876 0.2636986301369863 0.017123287671232876 0.017123287671232876 0.05136986301369863 0.023972602739726026 
0.04054054054054054 0.02252252252252252 0.04954954954954955 0.03153153153153153 0.04954954954954955 0.08558558558558559 0.04054054054054054 0.03153153153153153 0.02252252252252252 0.02252252252252252 0.11261261261261261 0.0945945945945946 0.03153153153153153 0.03153153153153153 0.04054054054054054 0.17567567567567569 0.03153153153153153 0.02252252252252252 0.04054054054054054 0.02252252252252252 
0.10820895522388059 0.018656716417910446 0.055970149253731345 0.048507462686567165 0.026119402985074626 0.06343283582089553 0.018656716417910446 0.033582089552238806 0.018656716417910446 0.018656716417910446 0.09328358208955224 0.09328358208955224 0.018656716417910446 0.048507462686567165 0.018656716417910446 0.1828358208955224 0.018656716417910446 0.033582089552238806 0.041044776119402986 0.041044776119402986 
0.02577319587628866 0.04639175257731959 0.02577319587628866 0.03608247422680412 0.03608247422680412 0.06701030927835051 0.02577319587628866 0.03608247422680412 0.03608247422680412 0.03608247422680412 0.0979381443298969 0.06701030927835051 0.03608247422680412 0.03608247422680412 0.02577319587628866 0.18041237113402062 0.03608247422680412 0.06701030927835051 0.04639175257731959 0.03608247422680412 
0.04245283018867924 0.0330188679245283 0.0330188679245283 0.02358490566037736 0.0330188679245283 0.06132075471698113 0.02358490566037736 0.06132075471698113 0.02358490566037736 0.02358490566037736 0.12735849056603774 0.06132075471698113 0.04245283018867924 0.06132075471698113 0.02358490566037736 0.19339622641509435 0.04245283018867924 0.02358490566037736 0.0330188679245283 0.0330188679245283 
0.04330708661417323 0.027559055118110236 0.01968503937007874 0.051181102362204724 0.01968503937007874 0.0984251968503937 0.01968503937007874 0.07480314960629922 0.01968503937007874 0.01968503937007874 0.08267716535433071 0.09055118110236221 0.01968503937007874 0.04330708661417323 0.03543307086614173 0.19291338582677164 0.04330708661417323 0.027559055118110236 0.051181102362204724 0.01968503937007874 
0.023148148148148147 0.023148148148148147 0.032407407407407406 0.023148148148148147 0.032407407407407406 0.06018518518518518 0.032407407407407406 0.05092592592592592 0.023148148148148147 0.0787037037037037 0.2824074074074074 0.023148148148148147 0.06018518518518518 0.041666666666666664 0.023148148148148147 0.023148148148148147 0.041666666666666664 0.023148148148148147 0.06018518518518518 0.041666666666666664 
0.0528169014084507 0.03169014084507042 0.03169014084507042 0.03169014084507042 0.03873239436619718 0.06690140845070422 0.045774647887323945 0.02464788732394366 0.0528169014084507 0.05985915492957746 0.3345070422535211 0.017605633802816902 0.017605633802816902 0.017605633802816902 0.017605633802816902 0.03169014084507042 0.045774647887323945 0.02464788732394366 0.03169014084507042 0.02464788732394366 
0.02717391304347826 0.03804347826086957 0.059782608695652176 0.03804347826086957 0.03804347826086957 0.08152173913043478 0.03804347826086957 0.03804347826086957 0.02717391304347826 0.07065217391304347 0.19021739130434784 0.02717391304347826 0.059782608695652176 0.04891304347826087 0.04891304347826087 0.02717391304347826 0.02717391304347826 0.02717391304347826 0.059782608695652176 0.02717391304347826 
0.02336448598130841 0.02336448598130841 0.04205607476635514 0.08878504672897196 0.02336448598130841 0.04205607476635514 0.03271028037383177 0.03271028037383177 0.11682242990654206 0.13551401869158877 0.13551401869158877 0.02336448598130841 0.0514018691588785 0.04205607476635514 0.03271028037383177 0.03271028037383177 0.02336448598130841 0.03271028037383177 0.04205607476635514 0.02336448598130841 
0.038461538461538464 0.06043956043956044 0.027472527472527472 0.038461538461538464 0.038461538461538464 0.08241758241758242 0.027472527472527472 0.038461538461538464 0.12637362637362637 0.12637362637362637 0.04945054945054945 0.027472527472527472 0.06043956043956044 0.038461538461538464 0.027472527472527472 0.04945054945054945 0.027472527472527472 0.027472527472527472 0.038461538461538464 0.04945054945054945 
0.036585365853658534 0.02032520325203252 0.052845528455284556 0.02032520325203252 0.02032520325203252 0.036585365853658534 0.02032520325203252 0.02032520325203252 0.15853658536585366 0.09349593495934959 0.10975609756097561 0.02032520325203252 0.028455284552845527 0.044715447154471545 0.028455284552845527 0.1016260162601626 0.044715447154471545 0.06910569105691057 0.052845528455284556 0.02032520325203252 
0.040229885057471264 0.028735632183908046 0.028735632183908046 0.028735632183908046 0.028735632183908046 0.05172413793103448 0.040229885057471264 0.028735632183908046 0.028735632183908046 0.08620689655172414 0.1896551724137931 0.028735632183908046 0.06321839080459771 0.05172413793103448 0.05172413793103448 0.028735632183908046 0.05172413793103448 0.040229885057471264 0.07471264367816093 0.028735632183908046 
0.06395348837209303 0.0755813953488372 0.040697674418604654 0.029069767441860465 0.029069767441860465 0.11046511627906977 0.029069767441860465 0.029069767441860465 0.029069767441860465 0.05232558139534884 0.13372093023255813 0.029069767441860465 0.0755813953488372 0.06395348837209303 0.029069767441860465 0.05232558139534884 0.029069767441860465 0.029069767441860465 0.040697674418604654 0.029069767441860465 
0.05223880597014925 0.06716417910447761 0.05223880597014925 0.03731343283582089 0.03731343283582089 0.05223880597014925 0.03731343283582089 0.03731343283582089 0.03731343283582089 0.05223880597014925 0.15671641791044777 0.03731343283582089 0.03731343283582089 0.03731343283582089 0.05223880597014925 0.03731343283582089 0.03731343283582089 0.05223880597014925 0.03731343283582089 0.05223880597014925 
0.05232558139534884 0.029069767441860465 0.06395348837209303 0.029069767441860465 0.029069767441860465 0.029069767441860465 0.040697674418604654 0.040697674418604654 0.040697674418604654 0.0755813953488372 0.1569767441860465 0.05232558139534884 0.029069767441860465 0.029069767441860465 0.040697674418604654 0.05232558139534884 0.040697674418604654 0.040697674418604654 0.09883720930232558 0.029069767441860465 
0.045454545454545456 0.025252525252525252 0.025252525252525252 0.045454545454545456 0.025252525252525252 0.025252525252525252 0.025252525252525252 0.025252525252525252 0.05555555555555555 0.045454545454545456 0.2878787878787879 0.03535353535353535 0.025252525252525252 0.025252525252525252 0.045454545454545456 0.045454545454545456 0.05555555555555555 0.045454545454545456 0.05555555555555555 0.03535353535353535 
0.10546875 0.02734375 0.05078125 0.02734375 0.02734375 0.02734375 0.02734375 0.06640625 0.02734375 0.07421875 0.31640625 0.03515625 0.01953125 0.01953125 0.02734375 0.01953125 0.01953125 0.02734375 0.03515625 0.01953125 
0.02 0.044 0.052 0.036 0.02 0.06 0.028 0.02 0.036 0.052 0.212 0.084 0.02 0.044 0.028 0.036 0.108 0.036 0.036 0.028 
0.03535353535353535 0.025252525252525252 0.10606060606060606 0.05555555555555555 0.025252525252525252 0.10606060606060606 0.025252525252525252 0.03535353535353535 0.03535353535353535 0.025252525252525252 0.17676767676767677 0.025252525252525252 0.025252525252525252 0.03535353535353535 0.025252525252525252 0.025252525252525252 0.03535353535353535 0.025252525252525252 0.12626262626262627 0.025252525252525252 
0.04411764705882353 0.03431372549019608 0.05392156862745098 0.06372549019607843 0.024509803921568627 0.12254901960784313 0.03431372549019608 0.03431372549019608 0.04411764705882353 0.024509803921568627 0.1715686274509804 0.024509803921568627 0.05392156862745098 0.04411764705882353 0.04411764705882353 0.024509803921568627 0.03431372549019608 0.04411764705882353 0.05392156862745098 0.024509803921568627 
0.025252525252525252 0.025252525252525252 0.045454545454545456 0.03535353535353535 0.025252525252525252 0.025252525252525252 0.03535353535353535 0.025252525252525252 0.025252525252525252 0.09595959595959595 0.12626262626262627 0.03535353535353535 0.045454545454545456 0.14646464646464646 0.06565656565656566 0.025252525252525252 0.08585858585858586 0.03535353535353535 0.045454545454545456 0.025252525252525252 
0.031914893617021274 0.031914893617021274 0.031914893617021274 0.024822695035460994 0.01773049645390071 0.01773049645390071 0.024822695035460994 0.024822695035460994 0.01773049645390071 0.1099290780141844 0.2872340425531915 0.031914893617021274 0.031914893617021274 0.10283687943262411 0.024822695035460994 0.031914893617021274 0.03900709219858156 0.03900709219858156 0.031914893617021274 0.04609929078014184 
0.017241379310344827 0.03793103448275862 0.04482758620689655 0.03103448275862069 0.017241379310344827 0.04482758620689655 0.017241379310344827 0.03103448275862069 0.03103448275862069 0.07931034482758621 0.21724137931034482 0.03793103448275862 0.02413793103448276 0.04482758620689655 0.04482758620689655 0.02413793103448276 0.05862068965517241 0.07931034482758621 0.09310344827586207 0.02413793103448276 
0.04666666666666667 0.06 0.03333333333333333 0.03333333333333333 0.04666666666666667 0.03333333333333333 0.03333333333333333 0.04666666666666667 0.06 0.03333333333333333 0.06 0.1 0.03333333333333333 0.06 0.03333333333333333 0.04666666666666667 0.1 0.04666666666666667 0.04666666666666667 0.04666666666666667 
0.040145985401459854 0.06204379562043796 0.025547445255474453 0.01824817518248175 0.01824817518248175 0.05474452554744526 0.032846715328467155 0.01824817518248175 0.025547445255474453 0.08394160583941605 0.05474452554744526 0.17153284671532848 0.032846715328467155 0.032846715328467155 0.06204379562043796 0.04744525547445255 0.08394160583941605 0.01824817518248175 0.07664233576642336 0.040145985401459854 
0.028089887640449437 0.028089887640449437 0.05056179775280899 0.028089887640449437 0.03932584269662921 0.028089887640449437 0.05056179775280899 0.028089887640449437 0.028089887640449437 0.03932584269662921 0.09550561797752809 0.07303370786516854 0.028089887640449437 0.028089887640449437 0.07303370786516854 0.09550561797752809 0.028089887640449437 0.05056179775280899 0.15168539325842698 0.028089887640449437 
0.03723404255319149 0.03723404255319149 0.047872340425531915 0.026595744680851064 0.03723404255319149 0.09042553191489362 0.047872340425531915 0.03723404255319149 0.026595744680851064 0.06914893617021277 0.03723404255319149 0.026595744680851064 0.10106382978723404 0.05851063829787234 0.026595744680851064 0.03723404255319149 0.06914893617021277 0.026595744680851064 0.10106382978723404 0.05851063829787234 
0.04924242424242424 0.03409090909090909 0.056818181818181816 0.01893939393939394 0.01893939393939394 0.10227272727272728 0.07954545454545454 0.01893939393939394 0.01893939393939394 0.10227272727272728 0.03409090909090909 0.07954545454545454 0.0946969696969697 0.041666666666666664 0.07196969696969698 0.01893939393939394 0.056818181818181816 0.041666666666666664 0.041666666666666664 0.01893939393939394 
0.026119402985074626 0.041044776119402986 0.10820895522388059 0.048507462686567165 0.018656716417910446 0.026119402985074626 0.018656716417910446 0.055970149253731345 0.026119402985074626 0.09328358208955224 0.048507462686567165 0.055970149253731345 0.0708955223880597 0.033582089552238806 0.055970149253731345 0.026119402985074626 0.12313432835820895 0.048507462686567165 0.048507462686567165 0.026119402985074626 
0.04487179487179487 0.22435897435897437 0.04487179487179487 0.03205128205128205 0.04487179487179487 0.03205128205128205 0.04487179487179487 0.03205128205128205 0.03205128205128205 0.03205128205128205 0.03205128205128205 0.04487179487179487 0.04487179487179487 0.04487179487179487 0.04487179487179487 0.057692307692307696 0.04487179487179487 0.04487179487179487 0.03205128205128205 0.04487179487179487 
0.07264957264957266 0.18376068376068377 0.029914529914529916 0.021367521367521368 0.04700854700854701 0.038461538461538464 0.029914529914529916 0.029914529914529916 0.029914529914529916 0.029914529914529916 0.038461538461538464 0.10683760683760683 0.038461538461538464 0.038461538461538464 0.05555555555555555 0.029914529914529916 0.10683760683760683 0.029914529914529916 0.021367521367521368 0.021367521367521368 
0.045081967213114756 0.3237704918032787 0.020491803278688523 0.036885245901639344 0.036885245901639344 0.036885245901639344 0.020491803278688523 0.020491803278688523 0.028688524590163935 0.06147540983606557 0.036885245901639344 0.028688524590163935 0.06967213114754098 0.028688524590163935 0.020491803278688523 0.045081967213114756 0.028688524590163935 0.045081967213114756 0.045081967213114756 0.020491803278688523 
0.05752212389380531 0.29646017699115046 0.048672566371681415 0.030973451327433628 0.030973451327433628 0.05752212389380531 0.03982300884955752 0.030973451327433628 0.022123893805309734 0.030973451327433628 0.06637168141592921 0.022123893805309734 0.030973451327433628 0.048672566371681415 0.022123893805309734 0.048672566371681415 0.030973451327433628 0.030973451327433628 0.022123893805309734 0.030973451327433628 
0.03435114503816794 0.2862595419847328 0.026717557251908396 0.0648854961832061 0.03435114503816794 0.03435114503816794 0.03435114503816794 0.019083969465648856 0.019083969465648856 0.019083969465648856 0.026717557251908396 0.04961832061068702 0.026717557251908396 0.04198473282442748 0.03435114503816794 0.0648854961832061 0.08778625954198473 0.026717557251908396 0.04198473282442748 0.026717557251908396 
0.032467532467532464 0.2792207792207792 0.032467532467532464 0.05844155844155844 0.045454545454545456 0.032467532467532464 0.032467532467532464 0.032467532467532464 0.032467532467532464 0.032467532467532464 0.032467532467532464 0.032467532467532464 0.045454545454545456 0.045454545454545456 0.032467532467532464 0.05844155844155844 0.045454545454545456 0.032467532467532464 0.032467532467532464 0.032467532467532464 
0.03515625 0.20703125 0.02734375 0.05078125 0.02734375 0.02734375 0.01953125 0.02734375 0.02734375 0.03515625 0.04296875 0.07421875 0.03515625 0.04296875 0.01953125 0.07421875 0.12890625 0.01953125 0.05078125 0.02734375 
0.057692307692307696 0.05 0.026923076923076925 0.057692307692307696 0.019230769230769232 0.12692307692307692 0.23461538461538461 0.019230769230769232 0.05 0.03461538461538462 0.019230769230769232 0.03461538461538462 0.026923076923076925 0.04230769230769231 0.03461538461538462 0.04230769230769231 0.03461538461538462 0.04230769230769231 0.026923076923076925 0.019230769230769232 
0.03608247422680412 0.03608247422680412 0.03608247422680412 0.02577319587628866 0.03608247422680412 0.12886597938144329 0.2422680412371134 0.02577319587628866 0.03608247422680412 0.03608247422680412 0.02577319587628866 0.06701030927835051 0.02577319587628866 0.02577319587628866 0.02577319587628866 0.04639175257731959 0.03608247422680412 0.04639175257731959 0.03608247422680412 0.02577319587628866 
0.03767123287671233 0.04452054794520548 0.08561643835616438 0.023972602739726026 0.03767123287671233 0.09931506849315068 0.18835616438356165 0.017123287671232876 0.023972602739726026 0.03767123287671233 0.023972602739726026 0.023972602739726026 0.04452054794520548 0.04452054794520548 0.030821917808219176 0.05136986301369863 0.03767123287671233 0.06506849315068493 0.04452054794520548 0.03767123287671233 
0.043689320388349516 0.024271844660194174 0.024271844660194174 0.024271844660194174 0.03398058252427184 0.07281553398058252 0.10194174757281553 0.043689320388349516 0.024271844660194174 0.12135922330097088 0.16019417475728157 0.03398058252427184 0.03398058252427184 0.05339805825242718 0.03398058252427184 0.043689320388349516 0.043689320388349516 0.024271844660194174 0.03398058252427184 0.024271844660194174 
0.028409090909090908 0.05113636363636364 0.05113636363636364 0.03977272727272727 0.03977272727272727 0.05113636363636364 0.05113636363636364 0.03977272727272727 0.028409090909090908 0.028409090909090908 0.2215909090909091 0.03977272727272727 0.028409090909090908 0.05113636363636364 0.028409090909090908 0.028409090909090908 0.028409090909090908 0.028409090909090908 0.07386363636363637 0.0625 
0.04198473282442748 0.019083969465648856 0.03435114503816794 0.026717557251908396 0.026717557251908396 0.12595419847328243 0.026717557251908396 0.03435114503816794 0.019083969465648856 0.04961832061068702 0.2480916030534351 0.05725190839694656 0.03435114503816794 0.04961832061068702 0.019083969465648856 0.04198473282442748 0.04961832061068702 0.03435114503816794 0.04198473282442748 0.019083969465648856 
0.01824817518248175 0.01824817518248175 0.032846715328467155 0.025547445255474453 0.040145985401459854 0.032846715328467155 0.04744525547445255 0.01824817518248175 0.025547445255474453 0.06934306569343066 0.28102189781021897 0.09124087591240876 0.025547445255474453 0.040145985401459854 0.01824817518248175 0.040145985401459854 0.06934306569343066 0.04744525547445255 0.040145985401459854 0.01824817518248175 
0.02336448598130841 0.04205607476635514 0.04205607476635514 0.04205607476635514 0.03271028037383177 0.0514018691588785 0.04205607476635514 0.03271028037383177 0.03271028037383177 0.0514018691588785 0.17289719626168223 0.06074766355140187 0.02336448598130841 0.06074766355140187 0.02336448598130841 0.03271028037383177 0.09813084112149532 0.08878504672897196 0.02336448598130841 0.02336448598130841 
0.03153153153153153 0.04954954954954955 0.05855855855855856 0.03153153153153153 0.03153153153153153 0.02252252252252252 0.04054054054054054 0.02252252252252252 0.03153153153153153 0.04954954954954955 0.25675675675675674 0.03153153153153153 0.02252252252252252 0.03153153153153153 0.03153153153153153 0.03153153153153153 0.08558558558558559 0.07657657657657657 0.03153153153153153 0.03153153153153153 
0.036 0.028 0.052 0.06 0.02 0.036 0.02 0.028 0.044 0.076 0.204 0.06 0.028 0.044 0.044 0.068 0.068 0.02 0.028 0.036 
0.027472527472527472 0.06043956043956044 0.04945054945054945 0.04945054945054945 0.038461538461538464 0.13736263736263737 0.038461538461538464 0.027472527472527472 0.027472527472527472 0.06043956043956044 0.12637362637362637 0.027472527472527472 0.027472527472527472 0.038461538461538464 0.027472527472527472 0.07142857142857142 0.04945054945054945 0.06043956043956044 0.027472527472527472 0.027472527472527472 
0.017857142857142856 0.04642857142857143 0.06785714285714285 0.03214285714285714 0.03214285714285714 0.06785714285714285 0.03214285714285714 0.017857142857142856 0.03214285714285714 0.03214285714285714 0.21785714285714286 0.10357142857142858 0.05357142857142857 0.025 0.025 0.03214285714285714 0.04642857142857143 0.039285714285714285 0.04642857142857143 0.03214285714285714 
0.0546218487394958 0.029411764705882353 0.07142857142857142 0.046218487394957986 0.046218487394957986 0.06302521008403361 0.02100840336134454 0.029411764705882353 0.029411764705882353 0.06302521008403361 0.20588235294117646 0.0546218487394958 0.02100840336134454 0.029411764705882353 0.06302521008403361 0.046218487394957986 0.029411764705882353 0.029411764705882353 0.037815126050420166 0.029411764705882353 
0.0436241610738255 0.07046979865771812 0.06375838926174497 0.06375838926174497 0.03691275167785235 0.09731543624161074 0.016778523489932886 0.03691275167785235 0.030201342281879196 0.0436241610738255 0.13758389261744966 0.02348993288590604 0.06375838926174497 0.016778523489932886 0.016778523489932886 0.030201342281879196 0.07046979865771812 0.05704697986577181 0.0436241610738255 0.03691275167785235 
0.05612244897959184 0.025510204081632654 0.03571428571428571 0.03571428571428571 0.025510204081632654 0.12755102040816327 0.025510204081632654 0.025510204081632654 0.03571428571428571 0.025510204081632654 0.15816326530612246 0.07653061224489796 0.025510204081632654 0.025510204081632654 0.03571428571428571 0.04591836734693878 0.03571428571428571 0.04591836734693878 0.08673469387755102 0.04591836734693878 
0.0330188679245283 0.04245283018867924 0.02358490566037736 0.1179245283018868 0.04245283018867924 0.04245283018867924 0.02358490566037736 0.04245283018867924 0.0330188679245283 0.07075471698113207 0.15566037735849056 0.0330188679245283 0.07075471698113207 0.05188679245283019 0.0330188679245283 0.02358490566037736 0.05188679245283019 0.05188679245283019 0.0330188679245283 0.02358490566037736 
0.043689320388349516 0.024271844660194174 0.03398058252427184 0.024271844660194174 0.07281553398058252 0.05339805825242718 0.03398058252427184 0.03398058252427184 0.024271844660194174 0.03398058252427184 0.25728155339805825 0.024271844660194174 0.024271844660194174 0.024271844660194174 0.05339805825242718 0.024271844660194174 0.09223300970873786 0.043689320388349516 0.05339805825242718 0.024271844660194174 
0.0371900826446281 0.028925619834710745 0.045454545454545456 0.07024793388429752 0.0371900826446281 0.06198347107438017 0.0371900826446281 0.045454545454545456 0.02066115702479339 0.05371900826446281 0.19421487603305784 0.02066115702479339 0.028925619834710745 0.045454545454545456 0.028925619834710745 0.028925619834710745 0.10330578512396695 0.028925619834710745 0.0371900826446281 0.045454545454545456 
0.0625 0.028409090909090908 0.028409090909090908 0.028409090909090908 0.028409090909090908 0.028409090909090908 0.03977272727272727 0.0625 0.05113636363636364 0.05113636363636364 0.17613636363636365 0.028409090909090908 0.05113636363636364 0.03977272727272727 0.028409090909090908 0.05113636363636364 0.05113636363636364 0.09659090909090909 0.03977272727272727 0.028409090909090908 
0.056818181818181816 0.026515151515151516 0.03409090909090909 0.026515151515151516 0.03409090909090909 0.026515151515151516 0.01893939393939394 0.03409090909090909 0.01893939393939394 0.07954545454545454 0.23863636363636365 0.03409090909090909 0.026515151515151516 0.026515151515151516 0.03409090909090909 0.041666666666666664 0.07954545454545454 0.07954545454545454 0.06439393939393939 0.01893939393939394 
0.03594771241830065 0.03594771241830065 0.02287581699346405 0.029411764705882353 0.02287581699346405 0.016339869281045753 0.016339869281045753 0.029411764705882353 0.029411764705882353 0.12745098039215685 0.16666666666666666 0.11437908496732026 0.06862745098039216 0.06862745098039216 0.03594771241830065 0.049019607843137254 0.05555555555555555 0.016339869281045753 0.042483660130718956 0.016339869281045753 
0.03211009174311927 0.04128440366972477 0.05045871559633028 0.03211009174311927 0.0871559633027523 0.05045871559633028 0.022935779816513763 0.03211009174311927 0.022935779816513763 0.0871559633027523 0.12385321100917432 0.022935779816513763 0.0963302752293578 0.022935779816513763 0.04128440366972477 0.05045871559633028 0.06880733944954129 0.03211009174311927 0.05963302752293578 0.022935779816513763 
0.03608247422680412 0.04639175257731959 0.0979381443298969 0.05670103092783505 0.03608247422680412 0.04639175257731959 0.03608247422680412 0.05670103092783505 0.03608247422680412 0.06701030927835051 0.07731958762886598 0.02577319587628866 0.04639175257731959 0.04639175257731959 0.07731958762886598 0.04639175257731959 0.06701030927835051 0.02577319587628866 0.04639175257731959 0.02577319587628866 
0.04455445544554455 0.07425742574257425 0.024752475247524754 0.06435643564356436 0.04455445544554455 0.034653465346534656 0.034653465346534656 0.024752475247524754 0.04455445544554455 0.06435643564356436 0.11386138613861387 0.054455445544554455 0.034653465346534656 0.024752475247524754 0.024752475247524754 0.04455445544554455 0.10396039603960396 0.07425742574257425 0.04455445544554455 0.024752475247524754 
0.035211267605633804 0.035211267605633804 0.035211267605633804 0.035211267605633804 0.035211267605633804 0.035211267605633804 0.035211267605633804 0.035211267605633804 0.04929577464788732 0.04929577464788732 0.21830985915492956 0.04929577464788732 0.04929577464788732 0.035211267605633804 0.035211267605633804 0.04929577464788732 0.06338028169014084 0.04929577464788732 0.035211267605633804 0.035211267605633804 
0.03571428571428571 0.03571428571428571 0.03571428571428571 0.05 0.03571428571428571 0.05 0.05 0.03571428571428571 0.06428571428571428 0.03571428571428571 0.19285714285714287 0.05 0.03571428571428571 0.03571428571428571 0.05 0.03571428571428571 0.03571428571428571 0.03571428571428571 0.05 0.05 
0.05612244897959184 0.025510204081632654 0.025510204081632654 0.05612244897959184 0.04591836734693878 0.025510204081632654 0.03571428571428571 0.025510204081632654 0.03571428571428571 0.04591836734693878 0.18877551020408162 0.025510204081632654 0.04591836734693878 0.05612244897959184 0.025510204081632654 0.03571428571428571 0.09693877551020408 0.025510204081632654 0.0663265306122449 0.05612244897959184 
0.022123893805309734 0.022123893805309734 0.0752212389380531 0.03982300884955752 0.022123893805309734 0.030973451327433628 0.048672566371681415 0.022123893805309734 0.022123893805309734 0.030973451327433628 0.2168141592920354 0.05752212389380531 0.05752212389380531 0.048672566371681415 0.03982300884955752 0.03982300884955752 0.03982300884955752 0.030973451327433628 0.06637168141592921 0.06637168141592921 
0.03435114503816794 0.026717557251908396 0.08015267175572519 0.03435114503816794 0.019083969465648856 0.03435114503816794 0.03435114503816794 0.026717557251908396 0.04961832061068702 0.04198473282442748 0.21755725190839695 0.1183206106870229 0.04198473282442748 0.019083969465648856 0.026717557251908396 0.0648854961832061 0.03435114503816794 0.019083969465648856 0.026717557251908396 0.04961832061068702 
0.04263565891472868 0.027131782945736434 0.08914728682170543 0.06589147286821706 0.027131782945736434 0.06589147286821706 0.01937984496124031 0.050387596899224806 0.04263565891472868 0.027131782945736434 0.2441860465116279 0.050387596899224806 0.027131782945736434 0.01937984496124031 0.04263565891472868 0.027131782945736434 0.050387596899224806 0.027131782945736434 0.027131782945736434 0.027131782945736434 
0.034653465346534656 0.034653465346534656 0.034653465346534656 0.054455445544554455 0.04455445544554455 0.024752475247524754 0.024752475247524754 0.04455445544554455 0.024752475247524754 0.024752475247524754 0.23267326732673269 0.06435643564356436 0.034653465346534656 0.04455445544554455 0.034653465346534656 0.07425742574257425 0.054455445544554455 0.04455445544554455 0.04455445544554455 0.024752475247524754 
0.036885245901639344 0.020491803278688523 0.036885245901639344 0.06967213114754098 0.028688524590163935 0.028688524590163935 0.028688524590163935 0.036885245901639344 0.0942622950819672 0.0860655737704918 0.1762295081967213 0.028688524590163935 0.028688524590163935 0.05327868852459016 0.036885245901639344 0.036885245901639344 0.036885245901639344 0.045081967213114756 0.06967213114754098 0.020491803278688523 
